Time[s], Channel 0, Channel 1
0.000000, 1, 1
1.828989, 0, 1
1.829015, 1, 1
1.829041, 0, 1
1.829224, 1, 1
1.829250, 0, 1
1.829276, 1, 1
1.829302, 0, 1
1.829328, 1, 1
1.829354, 0, 1
1.829484, 1, 1
1.829510, 0, 1
1.829641, 1, 1
1.829693, 0, 1
1.829745, 1, 1
1.829771, 0, 1
1.830005, 1, 1
1.830031, 0, 1
1.830057, 1, 1
1.830110, 0, 1
1.830266, 1, 1
1.830292, 0, 1
1.830396, 1, 1
1.830474, 0, 1
1.830526, 1, 1
1.860257, 1, 0
1.860283, 1, 1
1.860309, 1, 0
1.860491, 1, 1
1.860517, 1, 0
1.860595, 1, 1
1.860621, 1, 0
1.860751, 1, 1
1.860777, 1, 0
1.860907, 1, 1
1.860959, 1, 0
1.860985, 1, 1
1.861037, 1, 0
1.861271, 1, 1
1.861297, 1, 0
1.861375, 1, 1
1.861401, 1, 0
1.861427, 1, 1
1.861479, 1, 0
1.861505, 1, 1
1.911244, 1, 0
1.911270, 1, 1
1.911296, 1, 0
1.911478, 1, 1
1.911504, 1, 0
1.911530, 1, 1
1.911556, 1, 0
1.911582, 1, 1
1.911608, 1, 0
1.911738, 1, 1
1.911764, 1, 0
1.911894, 1, 1
1.911972, 1, 0
1.911998, 1, 1
1.912024, 1, 0
1.912258, 1, 1
1.912284, 1, 0
1.912310, 1, 1
1.912336, 1, 0
1.912518, 1, 1
1.912544, 1, 0
1.912596, 1, 1
1.912648, 1, 0
1.912674, 1, 1
1.912752, 1, 0
1.912778, 1, 1
1.961944, 1, 0
1.961970, 1, 1
1.961996, 1, 0
1.962178, 1, 1
1.962204, 1, 0
1.962256, 1, 1
1.962282, 1, 0
1.962308, 1, 1
1.962334, 1, 0
1.962438, 1, 1
1.962464, 1, 0
1.962620, 1, 1
1.962646, 1, 0
1.962698, 1, 1
1.962724, 1, 0
1.962958, 1, 1
1.962984, 1, 0
1.963010, 1, 1
1.963036, 1, 0
1.963114, 1, 1
1.963140, 1, 0
1.963218, 1, 1
1.963244, 1, 0
1.963348, 1, 1
1.963374, 1, 0
1.963478, 1, 1
1.963504, 1, 0
1.963530, 1, 1
1.963556, 1, 0
1.963582, 1, 1
1.963608, 1, 0
1.963738, 1, 1
1.963764, 1, 0
1.963790, 1, 1
1.964024, 1, 0
1.964050, 1, 1
1.964284, 1, 0
1.964518, 1, 1
1.964544, 1, 0
1.964596, 1, 1
1.964648, 1, 0
1.964726, 1, 1
1.964752, 1, 0
1.964778, 1, 1
1.966656, 0, 0
1.966657, 1, 1
2.417440, 1, 0
2.417466, 1, 1
2.417492, 1, 0
2.417674, 1, 1
2.417700, 1, 0
2.417752, 1, 1
2.417778, 1, 0
2.417804, 1, 1
2.417830, 1, 0
2.417934, 1, 1
2.417960, 1, 0
2.418116, 1, 1
2.418142, 1, 0
2.418194, 1, 1
2.418220, 1, 0
2.418454, 1, 1
2.418480, 1, 0
2.418506, 1, 1
2.418532, 1, 0
2.418610, 1, 1
2.418636, 1, 0
2.418714, 1, 1
2.418740, 1, 0
2.418844, 1, 1
2.418870, 1, 0
2.418974, 1, 1
2.419000, 1, 0
2.419026, 1, 1
2.419052, 1, 0
2.419078, 1, 1
2.419104, 1, 0
2.419234, 1, 1
2.419260, 1, 0
2.419286, 1, 1
2.419338, 1, 0
2.419494, 1, 1
2.419520, 1, 0
2.419754, 1, 1
2.419780, 1, 0
2.420014, 1, 1
2.420040, 1, 0
2.420066, 1, 1
2.420118, 1, 0
2.420144, 1, 1
2.420170, 1, 0
2.420222, 1, 1
2.420248, 1, 0
2.420274, 1, 1
2.925039, 1, 0
2.925065, 1, 1
2.925091, 1, 0
2.925273, 1, 1
2.925299, 1, 0
2.925351, 1, 1
2.925377, 1, 0
2.925403, 1, 1
2.925429, 1, 0
2.925533, 1, 1
2.925559, 1, 0
2.925715, 1, 1
2.925741, 1, 0
2.925793, 1, 1
2.925819, 1, 0
2.926053, 1, 1
2.926079, 1, 0
2.926105, 1, 1
2.926131, 1, 0
2.926209, 1, 1
2.926235, 1, 0
2.926313, 1, 1
2.926339, 1, 0
2.926443, 1, 1
2.926469, 1, 0
2.926573, 1, 1
2.926599, 1, 0
2.926625, 1, 1
2.926651, 1, 0
2.926677, 1, 1
2.926703, 1, 0
2.926833, 1, 1
2.926859, 1, 0
2.926911, 1, 1
2.926989, 1, 0
2.927093, 1, 1
2.927119, 1, 0
2.927353, 1, 1
2.927379, 1, 0
2.927613, 1, 1
2.927639, 1, 0
2.927691, 1, 1
2.927743, 1, 0
2.927769, 1, 1
2.927795, 1, 0
2.927821, 1, 1
2.927847, 1, 0
2.927873, 1, 1
3.433107, 1, 0
3.433133, 1, 1
3.433159, 1, 0
3.433341, 1, 1
3.433367, 1, 0
3.433419, 1, 1
3.433445, 1, 0
3.433471, 1, 1
3.433497, 1, 0
3.433601, 1, 1
3.433627, 1, 0
3.433783, 1, 1
3.433809, 1, 0
3.433861, 1, 1
3.433887, 1, 0
3.434121, 1, 1
3.434147, 1, 0
3.434173, 1, 1
3.434199, 1, 0
3.434277, 1, 1
3.434303, 1, 0
3.434381, 1, 1
3.434407, 1, 0
3.434511, 1, 1
3.434537, 1, 0
3.434641, 1, 1
3.434667, 1, 0
3.434693, 1, 1
3.434719, 1, 0
3.434745, 1, 1
3.434771, 1, 0
3.434901, 1, 1
3.434927, 1, 0
3.435005, 1, 1
3.435083, 1, 0
3.435161, 1, 1
3.435187, 1, 0
3.435421, 1, 1
3.435447, 1, 0
3.435681, 1, 1
3.435707, 1, 0
3.435785, 1, 1
3.435811, 1, 0
3.435863, 1, 1
3.435915, 1, 0
3.435941, 1, 1
3.939953, 1, 0
3.939979, 1, 1
3.940005, 1, 0
3.940187, 1, 1
3.940213, 1, 0
3.940265, 1, 1
3.940291, 1, 0
3.940317, 1, 1
3.940343, 1, 0
3.940447, 1, 1
3.940473, 1, 0
3.940629, 1, 1
3.940655, 1, 0
3.940707, 1, 1
3.940733, 1, 0
3.940967, 1, 1
3.940993, 1, 0
3.941019, 1, 1
3.941045, 1, 0
3.941123, 1, 1
3.941149, 1, 0
3.941227, 1, 1
3.941253, 1, 0
3.941357, 1, 1
3.941383, 1, 0
3.941487, 1, 1
3.941513, 1, 0
3.941539, 1, 1
3.941565, 1, 0
3.941591, 1, 1
3.941617, 1, 0
3.941747, 1, 1
3.941773, 1, 0
3.941799, 1, 1
3.941851, 1, 0
3.941877, 1, 1
3.941903, 1, 0
3.941929, 1, 1
3.941955, 1, 0
3.942007, 1, 1
3.942033, 1, 0
3.942267, 1, 1
3.942293, 1, 0
3.942527, 1, 1
3.942553, 1, 0
3.942579, 1, 1
3.942631, 1, 0
3.942683, 1, 1
3.942761, 1, 0
3.942787, 1, 1
4.426192, 0, 1
4.426218, 1, 1
4.426244, 0, 1
4.426426, 1, 1
4.426452, 0, 1
4.426478, 1, 1
4.426504, 0, 1
4.426531, 1, 1
4.426557, 0, 1
4.426687, 1, 1
4.426713, 0, 1
4.426739, 1, 1
4.426765, 0, 1
4.426869, 1, 1
4.426895, 0, 1
4.426947, 1, 1
4.426973, 0, 1
4.427208, 1, 1
4.427234, 0, 1
4.427286, 1, 1
4.427312, 0, 1
4.427390, 1, 1
4.427416, 0, 1
4.427468, 1, 1
4.427495, 0, 1
4.427599, 1, 1
4.427625, 0, 1
4.427677, 1, 1
4.427703, 0, 1
4.427729, 1, 1
4.447553, 1, 0
4.447579, 1, 1
4.447605, 1, 0
4.447787, 1, 1
4.447813, 1, 0
4.447865, 1, 1
4.447891, 1, 0
4.447917, 1, 1
4.447943, 1, 0
4.448047, 1, 1
4.448073, 1, 0
4.448229, 1, 1
4.448255, 1, 0
4.448307, 1, 1
4.448333, 1, 0
4.448567, 1, 1
4.448593, 1, 0
4.448619, 1, 1
4.448645, 1, 0
4.448723, 1, 1
4.448749, 1, 0
4.448827, 1, 1
4.448853, 1, 0
4.448957, 1, 1
4.448983, 1, 0
4.449087, 1, 1
4.449113, 1, 0
4.449139, 1, 1
4.449165, 1, 0
4.449191, 1, 1
4.449217, 1, 0
4.449347, 1, 1
4.449373, 1, 0
4.449425, 1, 1
4.449451, 1, 0
4.449477, 1, 1
4.449555, 1, 0
4.449607, 1, 1
4.449633, 1, 0
4.449867, 1, 1
4.449893, 1, 0
4.450127, 1, 1
4.450153, 1, 0
4.450205, 1, 1
4.450231, 1, 0
4.450361, 1, 1
4.627207, 0, 1
4.627442, 1, 1
4.627468, 0, 1
4.627702, 1, 1
4.627728, 0, 1
4.627963, 1, 1
4.627989, 0, 1
4.628223, 1, 1
4.628249, 0, 1
4.628484, 1, 1
4.628510, 0, 1
4.628744, 1, 1
4.628771, 0, 1
4.629005, 1, 1
4.629031, 0, 1
4.629266, 1, 1
4.629292, 0, 1
4.629526, 1, 1
4.629552, 0, 1
4.629787, 1, 1
4.629813, 0, 1
4.630047, 1, 1
4.630073, 0, 1
4.630308, 1, 1
4.630334, 0, 1
4.630568, 1, 1
4.630594, 0, 1
4.630829, 1, 1
4.630855, 0, 1
4.631089, 1, 1
4.631115, 0, 1
4.631350, 1, 1
4.648207, 0, 1
4.648442, 1, 1
4.648468, 0, 1
4.648702, 1, 1
4.648728, 0, 1
4.648963, 1, 1
4.648989, 0, 1
4.649223, 1, 1
4.649249, 0, 1
4.649484, 1, 1
4.649510, 0, 1
4.649744, 1, 1
4.649771, 0, 1
4.650005, 1, 1
4.650031, 0, 1
4.650266, 1, 1
4.650292, 0, 1
4.650526, 1, 1
4.650552, 0, 1
4.650787, 1, 1
4.650813, 0, 1
4.651047, 1, 1
4.651073, 0, 1
4.651308, 1, 1
4.651334, 0, 1
4.651568, 1, 1
4.651594, 0, 1
4.651829, 1, 1
4.651855, 0, 1
4.652089, 1, 1
4.652115, 0, 1
4.652350, 1, 1
4.669312, 0, 1
4.669546, 1, 1
4.669572, 0, 1
4.669807, 1, 1
4.669833, 0, 1
4.670067, 1, 1
4.670093, 0, 1
4.670328, 1, 1
4.670354, 0, 1
4.670588, 1, 1
4.670614, 0, 1
4.670849, 1, 1
4.670875, 0, 1
4.671109, 1, 1
4.671135, 0, 1
4.671370, 1, 1
4.671396, 0, 1
4.671630, 1, 1
4.671656, 0, 1
4.671891, 1, 1
4.671917, 0, 1
4.672151, 1, 1
4.672178, 0, 1
4.672412, 1, 1
4.672438, 0, 1
4.672673, 1, 1
4.672699, 0, 1
4.672933, 1, 1
4.672959, 0, 1
4.673194, 1, 1
4.673220, 0, 1
4.673454, 1, 1
4.690207, 0, 1
4.690442, 1, 1
4.690468, 0, 1
4.690702, 1, 1
4.690728, 0, 1
4.690963, 1, 1
4.690989, 0, 1
4.691223, 1, 1
4.691249, 0, 1
4.691484, 1, 1
4.691510, 0, 1
4.691744, 1, 1
4.691771, 0, 1
4.692005, 1, 1
4.692031, 0, 1
4.692266, 1, 1
4.692292, 0, 1
4.692526, 1, 1
4.692552, 0, 1
4.692787, 1, 1
4.692813, 0, 1
4.693047, 1, 1
4.693073, 0, 1
4.693308, 1, 1
4.693334, 0, 1
4.693568, 1, 1
4.693594, 0, 1
4.693829, 1, 1
4.693855, 0, 1
4.694089, 1, 1
4.694115, 0, 1
4.694350, 1, 1
4.711259, 0, 1
4.711494, 1, 1
4.711520, 0, 1
4.711754, 1, 1
4.711780, 0, 1
4.712015, 1, 1
4.712041, 0, 1
4.712276, 1, 1
4.712302, 0, 1
4.712536, 1, 1
4.712562, 0, 1
4.712797, 1, 1
4.712823, 0, 1
4.713057, 1, 1
4.713083, 0, 1
4.713318, 1, 1
4.713344, 0, 1
4.713578, 1, 1
4.713604, 0, 1
4.713839, 1, 1
4.713865, 0, 1
4.714099, 1, 1
4.714125, 0, 1
4.714360, 1, 1
4.714386, 0, 1
4.714620, 1, 1
4.714646, 0, 1
4.714881, 1, 1
4.714907, 0, 1
4.715142, 1, 1
4.715168, 0, 1
4.715402, 1, 1
4.732207, 0, 1
4.732442, 1, 1
4.732468, 0, 1
4.732702, 1, 1
4.732728, 0, 1
4.732963, 1, 1
4.732989, 0, 1
4.733223, 1, 1
4.733249, 0, 1
4.733484, 1, 1
4.733510, 0, 1
4.733745, 1, 1
4.733771, 0, 1
4.734005, 1, 1
4.734031, 0, 1
4.734266, 1, 1
4.734292, 0, 1
4.734526, 1, 1
4.734552, 0, 1
4.734787, 1, 1
4.734813, 0, 1
4.735047, 1, 1
4.735073, 0, 1
4.735308, 1, 1
4.735334, 0, 1
4.735568, 1, 1
4.735594, 0, 1
4.735829, 1, 1
4.735855, 0, 1
4.736089, 1, 1
4.736115, 0, 1
4.736350, 1, 1
4.753311, 0, 1
4.753546, 1, 1
4.753572, 0, 1
4.753807, 1, 1
4.753833, 0, 1
4.754067, 1, 1
4.754093, 0, 1
4.754328, 1, 1
4.754354, 0, 1
4.754588, 1, 1
4.754614, 0, 1
4.754849, 1, 1
4.754875, 0, 1
4.755109, 1, 1
4.755135, 0, 1
4.755370, 1, 1
4.755396, 0, 1
4.755630, 1, 1
4.755656, 0, 1
4.755891, 1, 1
4.755917, 0, 1
4.756151, 1, 1
4.756178, 0, 1
4.756412, 1, 1
4.756438, 0, 1
4.756673, 1, 1
4.756699, 0, 1
4.756933, 1, 1
4.756959, 0, 1
4.757194, 1, 1
4.757220, 0, 1
4.757454, 1, 1
4.774207, 0, 1
4.774442, 1, 1
4.774468, 0, 1
4.774702, 1, 1
4.774728, 0, 1
4.774963, 1, 1
4.774989, 0, 1
4.775223, 1, 1
4.775249, 0, 1
4.775484, 1, 1
4.775510, 0, 1
4.775745, 1, 1
4.775771, 0, 1
4.776005, 1, 1
4.776031, 0, 1
4.776266, 1, 1
4.776292, 0, 1
4.776526, 1, 1
4.776552, 0, 1
4.776787, 1, 1
4.776813, 0, 1
4.777047, 1, 1
4.777073, 0, 1
4.777308, 1, 1
4.777334, 0, 1
4.777568, 1, 1
4.777594, 0, 1
4.777829, 1, 1
4.777855, 0, 1
4.778089, 1, 1
4.778115, 0, 1
4.778350, 1, 1
4.795233, 0, 1
4.795468, 1, 1
4.795494, 0, 1
4.795728, 1, 1
4.795754, 0, 1
4.795989, 1, 1
4.796015, 0, 1
4.796249, 1, 1
4.796276, 0, 1
4.796510, 1, 1
4.796536, 0, 1
4.796771, 1, 1
4.796797, 0, 1
4.797031, 1, 1
4.797057, 0, 1
4.797292, 1, 1
4.797318, 0, 1
4.797552, 1, 1
4.797578, 0, 1
4.797813, 1, 1
4.797839, 0, 1
4.798073, 1, 1
4.798099, 0, 1
4.798334, 1, 1
4.798360, 0, 1
4.798594, 1, 1
4.798620, 0, 1
4.798855, 1, 1
4.798881, 0, 1
4.799115, 1, 1
4.799142, 0, 1
4.799376, 1, 1
4.816207, 0, 1
4.816442, 1, 1
4.816468, 0, 1
4.816702, 1, 1
4.816728, 0, 1
4.816963, 1, 1
4.816989, 0, 1
4.817223, 1, 1
4.817249, 0, 1
4.817484, 1, 1
4.817510, 0, 1
4.817745, 1, 1
4.817771, 0, 1
4.818005, 1, 1
4.818031, 0, 1
4.818266, 1, 1
4.818292, 0, 1
4.818526, 1, 1
4.818552, 0, 1
4.818787, 1, 1
4.818813, 0, 1
4.819047, 1, 1
4.819073, 0, 1
4.819308, 1, 1
4.819334, 0, 1
4.819568, 1, 1
4.819594, 0, 1
4.819829, 1, 1
4.819855, 0, 1
4.820089, 1, 1
4.820115, 0, 1
4.820350, 1, 1
4.837207, 0, 1
4.837442, 1, 1
4.837468, 0, 1
4.837702, 1, 1
4.837728, 0, 1
4.837963, 1, 1
4.837989, 0, 1
4.838223, 1, 1
4.838249, 0, 1
4.838484, 1, 1
4.838510, 0, 1
4.838745, 1, 1
4.838771, 0, 1
4.839005, 1, 1
4.839031, 0, 1
4.839266, 1, 1
4.839292, 0, 1
4.839526, 1, 1
4.839552, 0, 1
4.839787, 1, 1
4.839813, 0, 1
4.840047, 1, 1
4.840073, 0, 1
4.840308, 1, 1
4.840334, 0, 1
4.840568, 1, 1
4.840594, 0, 1
4.840829, 1, 1
4.840855, 0, 1
4.841089, 1, 1
4.841115, 0, 1
4.841350, 1, 1
4.858338, 0, 1
4.858572, 1, 1
4.858598, 0, 1
4.858833, 1, 1
4.858859, 0, 1
4.859093, 1, 1
4.859119, 0, 1
4.859354, 1, 1
4.859380, 0, 1
4.859614, 1, 1
4.859640, 0, 1
4.859875, 1, 1
4.859901, 0, 1
4.860135, 1, 1
4.860161, 0, 1
4.860396, 1, 1
4.860422, 0, 1
4.860656, 1, 1
4.860682, 0, 1
4.860917, 1, 1
4.860943, 0, 1
4.861178, 1, 1
4.861204, 0, 1
4.861438, 1, 1
4.861464, 0, 1
4.861699, 1, 1
4.861725, 0, 1
4.861959, 1, 1
4.861985, 0, 1
4.862220, 1, 1
4.862246, 0, 1
4.862480, 1, 1
4.879207, 0, 1
4.879442, 1, 1
4.879468, 0, 1
4.879702, 1, 1
4.879728, 0, 1
4.879963, 1, 1
4.879989, 0, 1
4.880223, 1, 1
4.880249, 0, 1
4.880484, 1, 1
4.880510, 0, 1
4.880745, 1, 1
4.880771, 0, 1
4.881005, 1, 1
4.881031, 0, 1
4.881266, 1, 1
4.881292, 0, 1
4.881526, 1, 1
4.881552, 0, 1
4.881787, 1, 1
4.881813, 0, 1
4.882047, 1, 1
4.882073, 0, 1
4.882308, 1, 1
4.882334, 0, 1
4.882568, 1, 1
4.882594, 0, 1
4.882829, 1, 1
4.882855, 0, 1
4.883089, 1, 1
4.883115, 0, 1
4.883350, 1, 1
4.900338, 0, 1
4.900572, 1, 1
4.900598, 0, 1
4.900833, 1, 1
4.900859, 0, 1
4.901093, 1, 1
4.901119, 0, 1
4.901354, 1, 1
4.901380, 0, 1
4.901614, 1, 1
4.901640, 0, 1
4.901875, 1, 1
4.901901, 0, 1
4.902135, 1, 1
4.902161, 0, 1
4.902396, 1, 1
4.902422, 0, 1
4.902656, 1, 1
4.902682, 0, 1
4.902917, 1, 1
4.902943, 0, 1
4.903178, 1, 1
4.903204, 0, 1
4.903438, 1, 1
4.903464, 0, 1
4.903699, 1, 1
4.903725, 0, 1
4.903959, 1, 1
4.903985, 0, 1
4.904220, 1, 1
4.904246, 0, 1
4.904480, 1, 1
4.921364, 0, 1
4.921598, 1, 1
4.921624, 0, 1
4.921859, 1, 1
4.921885, 0, 1
4.922119, 1, 1
4.922145, 0, 1
4.922380, 1, 1
4.922406, 0, 1
4.922640, 1, 1
4.922666, 0, 1
4.922901, 1, 1
4.922927, 0, 1
4.923161, 1, 1
4.923187, 0, 1
4.923422, 1, 1
4.923448, 0, 1
4.923682, 1, 1
4.923709, 0, 1
4.923943, 1, 1
4.923969, 0, 1
4.924204, 1, 1
4.924230, 0, 1
4.924464, 1, 1
4.924490, 0, 1
4.924725, 1, 1
4.924751, 0, 1
4.924985, 1, 1
4.925011, 0, 1
4.925246, 1, 1
4.925272, 0, 1
4.925506, 1, 1
4.942207, 0, 1
4.942442, 1, 1
4.942468, 0, 1
4.942702, 1, 1
4.942728, 0, 1
4.942963, 1, 1
4.942989, 0, 1
4.943223, 1, 1
4.943249, 0, 1
4.943484, 1, 1
4.943510, 0, 1
4.943745, 1, 1
4.943771, 0, 1
4.944005, 1, 1
4.944031, 0, 1
4.944266, 1, 1
4.944292, 0, 1
4.944526, 1, 1
4.944552, 0, 1
4.944787, 1, 1
4.944813, 0, 1
4.945047, 1, 1
4.945073, 0, 1
4.945308, 1, 1
4.945334, 0, 1
4.945568, 1, 1
4.945594, 0, 1
4.945829, 1, 1
4.945855, 0, 1
4.946089, 1, 1
4.946115, 0, 1
4.946350, 1, 1
4.956063, 1, 0
4.956089, 1, 1
4.956115, 1, 0
4.956297, 1, 1
4.956323, 1, 0
4.956375, 1, 1
4.956401, 1, 0
4.956427, 1, 1
4.956453, 1, 0
4.956557, 1, 1
4.956583, 1, 0
4.956739, 1, 1
4.956765, 1, 0
4.956817, 1, 1
4.956843, 1, 0
4.957077, 1, 1
4.957103, 1, 0
4.957129, 1, 1
4.957155, 1, 0
4.957233, 1, 1
4.957259, 1, 0
4.957337, 1, 1
4.957363, 1, 0
4.957467, 1, 1
4.957493, 1, 0
4.957597, 1, 1
4.957623, 1, 0
4.957649, 1, 1
4.957675, 1, 0
4.957701, 1, 1
4.957727, 1, 0
4.957857, 1, 1
4.957883, 1, 0
4.957909, 1, 1
4.957935, 1, 0
4.957987, 1, 1
4.958013, 1, 0
4.958065, 1, 1
4.958091, 1, 0
4.958117, 1, 1
4.958143, 1, 0
4.958377, 1, 1
4.958403, 1, 0
4.958637, 1, 1
4.958663, 1, 0
4.958689, 1, 1
4.958715, 1, 0
4.958793, 1, 1
4.958819, 1, 0
4.958871, 1, 1
4.963340, 0, 1
4.963575, 1, 1
4.963601, 0, 1
4.963835, 1, 1
4.963861, 0, 1
4.964096, 1, 1
4.964122, 0, 1
4.964356, 1, 1
4.964382, 0, 1
4.964617, 1, 1
4.964643, 0, 1
4.964877, 1, 1
4.964903, 0, 1
4.965138, 1, 1
4.965164, 0, 1
4.965398, 1, 1
4.965424, 0, 1
4.965659, 1, 1
4.965685, 0, 1
4.965919, 1, 1
4.965945, 0, 1
4.966180, 1, 1
4.966206, 0, 1
4.966441, 1, 1
4.966467, 0, 1
4.966701, 1, 1
4.966727, 0, 1
4.966962, 1, 1
4.966988, 0, 1
4.967222, 1, 1
4.967248, 0, 1
4.967483, 1, 1
5.065344, 0, 1
5.065370, 1, 1
5.065396, 0, 1
5.065578, 1, 1
5.065604, 0, 1
5.065630, 1, 1
5.065656, 0, 1
5.065682, 1, 1
5.065708, 0, 1
5.065839, 1, 1
5.065865, 0, 1
5.065891, 1, 1
5.065917, 0, 1
5.066021, 1, 1
5.066047, 0, 1
5.066099, 1, 1
5.066125, 0, 1
5.066360, 1, 1
5.066386, 0, 1
5.066438, 1, 1
5.066464, 0, 1
5.066542, 1, 1
5.066568, 0, 1
5.066620, 1, 1
5.066646, 0, 1
5.066751, 1, 1
5.066777, 0, 1
5.066829, 1, 1
5.066855, 0, 1
5.066881, 1, 1
5.108606, 1, 0
5.108632, 1, 1
5.108658, 1, 0
5.108840, 1, 1
5.108866, 1, 0
5.108944, 1, 1
5.108970, 1, 0
5.109100, 1, 1
5.109126, 1, 0
5.109152, 1, 1
5.109178, 1, 0
5.109282, 1, 1
5.109308, 1, 0
5.109334, 1, 1
5.109386, 1, 0
5.109620, 1, 1
5.109646, 1, 0
5.109672, 1, 1
5.109698, 1, 0
5.109724, 1, 1
5.109750, 1, 0
5.109802, 1, 1
5.109828, 1, 0
5.109854, 1, 1
5.158188, 1, 0
5.158214, 1, 1
5.158240, 1, 0
5.158422, 1, 1
5.158448, 1, 0
5.158500, 1, 1
5.158526, 1, 0
5.158552, 1, 1
5.158578, 1, 0
5.158682, 1, 1
5.158708, 1, 0
5.158864, 1, 1
5.158890, 1, 0
5.158942, 1, 1
5.158968, 1, 0
5.159202, 1, 1
5.159228, 1, 0
5.159254, 1, 1
5.159280, 1, 0
5.159358, 1, 1
5.159384, 1, 0
5.159462, 1, 1
5.159488, 1, 0
5.159592, 1, 1
5.159618, 1, 0
5.159722, 1, 1
5.159748, 1, 0
5.159774, 1, 1
5.159800, 1, 0
5.159826, 1, 1
5.159852, 1, 0
5.159982, 1, 1
5.160008, 1, 0
5.160060, 1, 1
5.160138, 1, 0
5.160190, 1, 1
5.160216, 1, 0
5.160242, 1, 1
5.160268, 1, 0
5.160502, 1, 1
5.160528, 1, 0
5.160762, 1, 1
5.160788, 1, 0
5.160840, 1, 1
5.160892, 1, 0
5.160918, 1, 1
5.160944, 1, 0
5.160996, 1, 1
5.208628, 1, 0
5.208654, 1, 1
5.208680, 1, 0
5.208862, 1, 1
5.208888, 1, 0
5.208966, 1, 1
5.208992, 1, 0
5.209018, 1, 1
5.209044, 1, 0
5.209122, 1, 1
5.209148, 1, 0
5.209200, 1, 1
5.209226, 1, 0
5.209304, 1, 1
5.209330, 1, 0
5.209382, 1, 1
5.209408, 1, 0
5.209642, 1, 1
5.209668, 1, 0
5.209694, 1, 1
5.209720, 1, 0
5.209746, 1, 1
5.209772, 1, 0
5.209850, 1, 1
5.209876, 1, 0
5.209902, 1, 1
5.209928, 1, 0
5.209980, 1, 1
5.210006, 1, 0
5.210058, 1, 1
5.210084, 1, 0
5.210162, 1, 1
5.210188, 1, 0
5.210266, 1, 1
5.210292, 1, 0
5.210370, 1, 1
5.210396, 1, 0
5.210422, 1, 1
5.210448, 1, 0
5.210474, 1, 1
5.210500, 1, 0
5.210552, 1, 1
5.210604, 1, 0
5.210682, 1, 1
5.210708, 1, 0
5.210942, 1, 1
5.210968, 1, 0
5.210994, 1, 1
5.211020, 1, 0
5.211046, 1, 1
5.211098, 1, 0
5.211124, 1, 1
5.211228, 1, 0
5.211462, 1, 1
5.211488, 1, 0
5.211722, 1, 1
5.211748, 1, 0
5.211982, 1, 1
5.212008, 1, 0
5.212034, 1, 1
5.212060, 1, 0
5.212086, 1, 1
5.212112, 1, 0
5.212242, 1, 1
5.212268, 1, 0
5.212320, 1, 1
5.212346, 1, 0
5.212372, 1, 1
5.212528, 1, 0
5.212580, 1, 1
5.212658, 1, 0
5.212710, 1, 1
5.212736, 1, 0
5.212762, 1, 1
5.212788, 1, 0
5.213022, 1, 1
5.213048, 1, 0
5.213178, 1, 1
5.213204, 1, 0
5.213256, 1, 1
5.213308, 1, 0
5.213334, 1, 1
5.213360, 1, 0
5.213542, 1, 1
5.213568, 1, 0
5.213802, 1, 1
5.213828, 1, 0
5.213854, 1, 1
5.213880, 1, 0
5.213906, 1, 1
5.213932, 1, 0
5.213958, 1, 1
5.214010, 1, 0
5.214036, 1, 1
5.462025, 1, 0
5.462051, 1, 1
5.462077, 1, 0
5.462259, 1, 1
5.462285, 1, 0
5.462337, 1, 1
5.462363, 1, 0
5.462389, 1, 1
5.462415, 1, 0
5.462519, 1, 1
5.462545, 1, 0
5.462701, 1, 1
5.462727, 1, 0
5.462779, 1, 1
5.462805, 1, 0
5.463039, 1, 1
5.463065, 1, 0
5.463091, 1, 1
5.463117, 1, 0
5.463195, 1, 1
5.463221, 1, 0
5.463299, 1, 1
5.463325, 1, 0
5.463429, 1, 1
5.463455, 1, 0
5.463559, 1, 1
5.463585, 1, 0
5.463611, 1, 1
5.463637, 1, 0
5.463663, 1, 1
5.463689, 1, 0
5.463819, 1, 1
5.463845, 1, 0
5.463949, 1, 1
5.464001, 1, 0
5.464027, 1, 1
5.464053, 1, 0
5.464079, 1, 1
5.464105, 1, 0
5.464339, 1, 1
5.464365, 1, 0
5.464599, 1, 1
5.464625, 1, 0
5.464781, 1, 1
5.464807, 1, 0
5.464833, 1, 1
5.969469, 1, 0
5.969495, 1, 1
5.969521, 1, 0
5.969703, 1, 1
5.969729, 1, 0
5.969781, 1, 1
5.969807, 1, 0
5.969833, 1, 1
5.969859, 1, 0
5.969963, 1, 1
5.969989, 1, 0
5.970145, 1, 1
5.970171, 1, 0
5.970223, 1, 1
5.970249, 1, 0
5.970483, 1, 1
5.970509, 1, 0
5.970535, 1, 1
5.970561, 1, 0
5.970639, 1, 1
5.970665, 1, 0
5.970743, 1, 1
5.970769, 1, 0
5.970873, 1, 1
5.970899, 1, 0
5.971003, 1, 1
5.971029, 1, 0
5.971055, 1, 1
5.971081, 1, 0
5.971107, 1, 1
5.971133, 1, 0
5.971263, 1, 1
5.971289, 1, 0
5.971315, 1, 1
5.971393, 1, 0
5.971445, 1, 1
5.971497, 1, 0
5.971523, 1, 1
5.971549, 1, 0
5.971783, 1, 1
5.971809, 1, 0
5.972043, 1, 1
5.972069, 1, 0
5.972095, 1, 1
5.972199, 1, 0
5.972225, 1, 1
5.972251, 1, 0
5.972277, 1, 1
6.475431, 1, 0
6.475457, 1, 1
6.475483, 1, 0
6.475665, 1, 1
6.475691, 1, 0
6.475743, 1, 1
6.475769, 1, 0
6.475795, 1, 1
6.475821, 1, 0
6.475925, 1, 1
6.475951, 1, 0
6.476107, 1, 1
6.476133, 1, 0
6.476185, 1, 1
6.477225, 1, 0
6.477459, 1, 1
6.477485, 1, 0
6.477511, 1, 1
6.477537, 1, 0
6.477615, 1, 1
6.477641, 1, 0
6.477719, 1, 1
6.477745, 1, 0
6.477849, 1, 1
6.477875, 1, 0
6.477979, 1, 1
6.478005, 1, 0
6.478031, 1, 1
6.478057, 1, 0
6.478083, 1, 1
6.478109, 1, 0
6.478239, 1, 1
6.478265, 1, 0
6.478291, 1, 1
6.478317, 1, 0
6.478343, 1, 1
6.478369, 1, 0
6.478395, 1, 1
6.478473, 1, 0
6.478499, 1, 1
6.478525, 1, 0
6.478759, 1, 1
6.478785, 1, 0
6.479019, 1, 1
6.479045, 1, 0
6.479071, 1, 1
6.479097, 1, 0
6.479123, 1, 1
6.479227, 1, 0
6.479253, 1, 1
6.981314, 1, 0
6.981340, 1, 1
6.981366, 1, 0
6.981548, 1, 1
6.981574, 1, 0
6.981626, 1, 1
6.981652, 1, 0
6.981678, 1, 1
6.981704, 1, 0
6.981808, 1, 1
6.981834, 1, 0
6.981990, 1, 1
6.982016, 1, 0
6.982068, 1, 1
6.982094, 1, 0
6.982328, 1, 1
6.982354, 1, 0
6.982380, 1, 1
6.982406, 1, 0
6.982484, 1, 1
6.982510, 1, 0
6.982588, 1, 1
6.982614, 1, 0
6.982718, 1, 1
6.982744, 1, 0
6.982848, 1, 1
6.982874, 1, 0
6.982900, 1, 1
6.982926, 1, 0
6.982952, 1, 1
6.982978, 1, 0
6.983108, 1, 1
6.983134, 1, 0
6.983212, 1, 1
6.983238, 1, 0
6.983342, 1, 1
6.983394, 1, 0
6.983628, 1, 1
6.983654, 1, 0
6.983888, 1, 1
6.983914, 1, 0
6.983992, 1, 1
6.984044, 1, 0
6.984096, 1, 1
7.489278, 1, 0
7.489304, 1, 1
7.489330, 1, 0
7.489512, 1, 1
7.489538, 1, 0
7.489590, 1, 1
7.489616, 1, 0
7.489642, 1, 1
7.489668, 1, 0
7.489772, 1, 1
7.489798, 1, 0
7.489954, 1, 1
7.489980, 1, 0
7.490032, 1, 1
7.490058, 1, 0
7.490292, 1, 1
7.490318, 1, 0
7.490344, 1, 1
7.490370, 1, 0
7.490396, 1, 1
7.490422, 1, 0
7.490448, 1, 1
7.490474, 1, 0
7.490552, 1, 1
7.490578, 1, 0
7.490682, 1, 1
7.490708, 1, 0
7.490812, 1, 1
7.490838, 1, 0
7.490864, 1, 1
7.490890, 1, 0
7.490916, 1, 1
7.490942, 1, 0
7.491072, 1, 1
7.491098, 1, 0
7.491150, 1, 1
7.491176, 1, 0
7.491228, 1, 1
7.491254, 1, 0
7.491306, 1, 1
7.491358, 1, 0
7.491592, 1, 1
7.491618, 1, 0
7.491852, 1, 1
7.491878, 1, 0
7.491930, 1, 1
7.492034, 1, 0
7.492060, 1, 1
7.994798, 1, 0
7.994824, 1, 1
7.994850, 1, 0
7.995032, 1, 1
7.995058, 1, 0
7.995110, 1, 1
7.995136, 1, 0
7.995162, 1, 1
7.995188, 1, 0
7.995292, 1, 1
7.995318, 1, 0
7.995474, 1, 1
7.995500, 1, 0
7.995552, 1, 1
7.995578, 1, 0
7.995812, 1, 1
7.995838, 1, 0
7.995864, 1, 1
7.995942, 1, 0
7.995968, 1, 1
7.995994, 1, 0
7.996072, 1, 1
7.996098, 1, 0
7.996202, 1, 1
7.996228, 1, 0
7.996332, 1, 1
7.996358, 1, 0
7.996384, 1, 1
7.996410, 1, 0
7.996436, 1, 1
7.996462, 1, 0
7.996592, 1, 1
7.996618, 1, 0
7.996644, 1, 1
7.996696, 1, 0
7.996748, 1, 1
7.996774, 1, 0
7.996826, 1, 1
7.996878, 1, 0
7.997112, 1, 1
7.997138, 1, 0
7.997372, 1, 1
7.997398, 1, 0
7.997424, 1, 1
7.997450, 1, 0
7.997554, 1, 1
8.502684, 1, 0
8.502710, 1, 1
8.502736, 1, 0
8.502918, 1, 1
8.502944, 1, 0
8.502996, 1, 1
8.503022, 1, 0
8.503048, 1, 1
8.503074, 1, 0
8.503178, 1, 1
8.503204, 1, 0
8.503360, 1, 1
8.503386, 1, 0
8.503438, 1, 1
8.503464, 1, 0
8.503698, 1, 1
8.503724, 1, 0
8.503750, 1, 1
8.503828, 1, 0
8.503854, 1, 1
8.503880, 1, 0
8.503958, 1, 1
8.503984, 1, 0
8.504088, 1, 1
8.504114, 1, 0
8.504218, 1, 1
8.504244, 1, 0
8.504270, 1, 1
8.504296, 1, 0
8.504322, 1, 1
8.504348, 1, 0
8.504478, 1, 1
8.504504, 1, 0
8.504530, 1, 1
8.504556, 1, 0
8.504582, 1, 1
8.504634, 1, 0
8.504712, 1, 1
8.504764, 1, 0
8.504998, 1, 1
8.505024, 1, 0
8.505258, 1, 1
8.505284, 1, 0
8.505310, 1, 1
8.505362, 1, 0
8.505388, 1, 1
8.505440, 1, 0
8.505466, 1, 1
9.010544, 1, 0
9.010570, 1, 1
9.010596, 1, 0
9.010778, 1, 1
9.010804, 1, 0
9.010856, 1, 1
9.010882, 1, 0
9.010908, 1, 1
9.010934, 1, 0
9.011038, 1, 1
9.011064, 1, 0
9.011220, 1, 1
9.011246, 1, 0
9.011298, 1, 1
9.011324, 1, 0
9.011558, 1, 1
9.011584, 1, 0
9.011610, 1, 1
9.011688, 1, 0
9.011714, 1, 1
9.011740, 1, 0
9.011818, 1, 1
9.011844, 1, 0
9.011948, 1, 1
9.011974, 1, 0
9.012078, 1, 1
9.012104, 1, 0
9.012130, 1, 1
9.012156, 1, 0
9.012182, 1, 1
9.012208, 1, 0
9.012338, 1, 1
9.012364, 1, 0
9.012390, 1, 1
9.012416, 1, 0
9.012572, 1, 1
9.012624, 1, 0
9.012858, 1, 1
9.012884, 1, 0
9.013118, 1, 1
9.013144, 1, 0
9.013170, 1, 1
9.013274, 1, 0
9.013326, 1, 1
9.518040, 1, 0
9.518066, 1, 1
9.518092, 1, 0
9.518274, 1, 1
9.518300, 1, 0
9.518352, 1, 1
9.518378, 1, 0
9.518404, 1, 1
9.518430, 1, 0
9.518534, 1, 1
9.518560, 1, 0
9.518716, 1, 1
9.518742, 1, 0
9.518794, 1, 1
9.518820, 1, 0
9.519054, 1, 1
9.519080, 1, 0
9.519106, 1, 1
9.519184, 1, 0
9.519210, 1, 1
9.519236, 1, 0
9.519314, 1, 1
9.519340, 1, 0
9.519444, 1, 1
9.519470, 1, 0
9.519574, 1, 1
9.519600, 1, 0
9.519626, 1, 1
9.519652, 1, 0
9.519678, 1, 1
9.519704, 1, 0
9.519834, 1, 1
9.519860, 1, 0
9.519886, 1, 1
9.519938, 1, 0
9.519990, 1, 1
9.520068, 1, 0
9.520094, 1, 1
9.520120, 1, 0
9.520354, 1, 1
9.520380, 1, 0
9.520614, 1, 1
9.520640, 1, 0
9.520666, 1, 1
9.520692, 1, 0
9.520822, 1, 1
9.893651, 0, 1
9.893677, 1, 1
9.893703, 0, 1
9.893885, 1, 1
9.893911, 0, 1
9.893937, 1, 1
9.893963, 0, 1
9.893989, 1, 1
9.894015, 0, 1
9.894146, 1, 1
9.894172, 0, 1
9.894198, 1, 1
9.894224, 0, 1
9.894328, 1, 1
9.894354, 0, 1
9.894406, 1, 1
9.894432, 0, 1
9.894667, 1, 1
9.894693, 0, 1
9.894745, 1, 1
9.894771, 0, 1
9.894849, 1, 1
9.894875, 0, 1
9.894927, 1, 1
9.894953, 0, 1
9.895058, 1, 1
9.895084, 0, 1
9.895136, 1, 1
9.895162, 0, 1
9.895188, 1, 1
9.924499, 1, 0
9.924525, 1, 1
9.924551, 1, 0
9.924733, 1, 1
9.924759, 1, 0
9.924837, 1, 1
9.924863, 1, 0
9.924993, 1, 1
9.925019, 1, 0
9.925045, 1, 1
9.925071, 1, 0
9.925175, 1, 1
9.925201, 1, 0
9.925227, 1, 1
9.925279, 1, 0
9.925513, 1, 1
9.925539, 1, 0
9.925565, 1, 1
9.925591, 1, 0
9.925617, 1, 1
9.925643, 1, 0
9.925695, 1, 1
9.925721, 1, 0
9.925747, 1, 1
9.976864, 1, 0
9.976890, 1, 1
9.976916, 1, 0
9.977098, 1, 1
9.977124, 1, 0
9.977176, 1, 1
9.977202, 1, 0
9.977228, 1, 1
9.977254, 1, 0
9.977358, 1, 1
9.977384, 1, 0
9.977540, 1, 1
9.977566, 1, 0
9.977618, 1, 1
9.977644, 1, 0
9.977878, 1, 1
9.977904, 1, 0
9.977930, 1, 1
9.978008, 1, 0
9.978034, 1, 1
9.978060, 1, 0
9.978138, 1, 1
9.978164, 1, 0
9.978268, 1, 1
9.978294, 1, 0
9.978398, 1, 1
9.978424, 1, 0
9.978450, 1, 1
9.978476, 1, 0
9.978502, 1, 1
9.978528, 1, 0
9.978658, 1, 1
9.978684, 1, 0
9.978710, 1, 1
9.978788, 1, 0
9.978840, 1, 1
9.978892, 1, 0
9.978918, 1, 1
9.978944, 1, 0
9.979178, 1, 1
9.979204, 1, 0
9.979438, 1, 1
9.979464, 1, 0
9.979490, 1, 1
9.979516, 1, 0
9.979542, 1, 1
9.979568, 1, 0
9.979594, 1, 1
9.979646, 1, 0
9.979672, 1, 1
10.026862, 1, 0
10.026888, 1, 1
10.026914, 1, 0
10.027096, 1, 1
10.027122, 1, 0
10.027200, 1, 1
10.027226, 1, 0
10.027252, 1, 1
10.027278, 1, 0
10.027356, 1, 1
10.027382, 1, 0
10.027434, 1, 1
10.027460, 1, 0
10.027538, 1, 1
10.027564, 1, 0
10.027616, 1, 1
10.027642, 1, 0
10.027876, 1, 1
10.027902, 1, 0
10.027928, 1, 1
10.027954, 1, 0
10.027980, 1, 1
10.028006, 1, 0
10.028084, 1, 1
10.028110, 1, 0
10.028136, 1, 1
10.028162, 1, 0
10.028214, 1, 1
10.028240, 1, 0
10.028292, 1, 1
10.028318, 1, 0
10.028396, 1, 1
10.028422, 1, 0
10.028500, 1, 1
10.028526, 1, 0
10.028604, 1, 1
10.028630, 1, 0
10.028656, 1, 1
10.028682, 1, 0
10.028708, 1, 1
10.028734, 1, 0
10.028786, 1, 1
10.028838, 1, 0
10.028916, 1, 1
10.028942, 1, 0
10.029176, 1, 1
10.029202, 1, 0
10.029228, 1, 1
10.029254, 1, 0
10.029280, 1, 1
10.029332, 1, 0
10.029358, 1, 1
10.029462, 1, 0
10.029696, 1, 1
10.029722, 1, 0
10.029956, 1, 1
10.029982, 1, 0
10.030216, 1, 1
10.030242, 1, 0
10.030268, 1, 1
10.030294, 1, 0
10.030320, 1, 1
10.030346, 1, 0
10.030476, 1, 1
10.030502, 1, 0
10.030554, 1, 1
10.030580, 1, 0
10.030606, 1, 1
10.030762, 1, 0
10.030788, 1, 1
10.030866, 1, 0
10.030918, 1, 1
10.030970, 1, 0
10.030996, 1, 1
10.031022, 1, 0
10.031256, 1, 1
10.031282, 1, 0
10.031412, 1, 1
10.031438, 1, 0
10.031490, 1, 1
10.033622, 1, 0
10.033648, 1, 1
10.033674, 1, 0
10.033856, 1, 1
10.033882, 1, 0
10.034116, 1, 1
10.034142, 1, 0
10.034194, 1, 1
10.034272, 1, 0
10.034324, 1, 1
10.078732, 1, 0
10.078758, 1, 1
10.078784, 1, 0
10.078966, 1, 1
10.078992, 1, 0
10.079044, 1, 1
10.079070, 1, 0
10.079096, 1, 1
10.079122, 1, 0
10.079226, 1, 1
10.079252, 1, 0
10.079408, 1, 1
10.079434, 1, 0
10.079486, 1, 1
10.079512, 1, 0
10.079746, 1, 1
10.079772, 1, 0
10.079798, 1, 1
10.079876, 1, 0
10.079902, 1, 1
10.079928, 1, 0
10.080006, 1, 1
10.080032, 1, 0
10.080136, 1, 1
10.080162, 1, 0
10.080266, 1, 1
10.080292, 1, 0
10.080318, 1, 1
10.080344, 1, 0
10.080370, 1, 1
10.080396, 1, 0
10.080526, 1, 1
10.080552, 1, 0
10.080630, 1, 1
10.080656, 1, 0
10.080708, 1, 1
10.080760, 1, 0
10.080786, 1, 1
10.081722, 1, 0
10.081956, 1, 1
10.081982, 1, 0
10.082216, 1, 1
10.082242, 1, 0
10.082294, 1, 1
10.082320, 1, 0
10.082372, 1, 1
10.082424, 1, 0
10.082450, 1, 1
10.535658, 1, 0
10.535684, 1, 1
10.535710, 1, 0
10.535892, 1, 1
10.535918, 1, 0
10.535970, 1, 1
10.535996, 1, 0
10.536022, 1, 1
10.536048, 1, 0
10.536152, 1, 1
10.536178, 1, 0
10.536334, 1, 1
10.536360, 1, 0
10.536412, 1, 1
10.536438, 1, 0
10.536672, 1, 1
10.536698, 1, 0
10.536724, 1, 1
10.536802, 1, 0
10.536828, 1, 1
10.536854, 1, 0
10.536932, 1, 1
10.536958, 1, 0
10.537062, 1, 1
10.537088, 1, 0
10.537192, 1, 1
10.537218, 1, 0
10.537244, 1, 1
10.537270, 1, 0
10.537296, 1, 1
10.537322, 1, 0
10.537452, 1, 1
10.537478, 1, 0
10.537556, 1, 1
10.537582, 1, 0
10.537608, 1, 1
10.537634, 1, 0
10.537660, 1, 1
10.537686, 1, 0
10.537712, 1, 1
10.537738, 1, 0
10.537972, 1, 1
10.537998, 1, 0
10.538232, 1, 1
10.538258, 1, 0
10.538310, 1, 1
10.538336, 1, 0
10.538414, 1, 1
10.538440, 1, 0
10.538466, 1, 1
11.044583, 1, 0
11.044609, 1, 1
11.044635, 1, 0
11.044817, 1, 1
11.044843, 1, 0
11.044895, 1, 1
11.044921, 1, 0
11.044947, 1, 1
11.044973, 1, 0
11.045077, 1, 1
11.045103, 1, 0
11.045259, 1, 1
11.045285, 1, 0
11.045337, 1, 1
11.045363, 1, 0
11.045597, 1, 1
11.045623, 1, 0
11.045649, 1, 1
11.045727, 1, 0
11.045753, 1, 1
11.045779, 1, 0
11.045857, 1, 1
11.045883, 1, 0
11.045987, 1, 1
11.046013, 1, 0
11.046117, 1, 1
11.046143, 1, 0
11.046169, 1, 1
11.046195, 1, 0
11.046221, 1, 1
11.046247, 1, 0
11.046377, 1, 1
11.046403, 1, 0
11.046429, 1, 1
11.046455, 1, 0
11.046481, 1, 1
11.046507, 1, 0
11.046585, 1, 1
11.046611, 1, 0
11.046637, 1, 1
11.046663, 1, 0
11.046897, 1, 1
11.046923, 1, 0
11.047157, 1, 1
11.047183, 1, 0
11.047209, 1, 1
11.047261, 1, 0
11.047313, 1, 1
11.047339, 1, 0
11.047391, 1, 1
11.552885, 1, 0
11.552911, 1, 1
11.552937, 1, 0
11.553119, 1, 1
11.553145, 1, 0
11.553197, 1, 1
11.553223, 1, 0
11.553249, 1, 1
11.553275, 1, 0
11.553379, 1, 1
11.553405, 1, 0
11.553561, 1, 1
11.553587, 1, 0
11.553639, 1, 1
11.553665, 1, 0
11.553899, 1, 1
11.553925, 1, 0
11.553951, 1, 1
11.554029, 1, 0
11.554055, 1, 1
11.554081, 1, 0
11.554159, 1, 1
11.554185, 1, 0
11.554289, 1, 1
11.554315, 1, 0
11.554419, 1, 1
11.554445, 1, 0
11.554471, 1, 1
11.554497, 1, 0
11.554523, 1, 1
11.554549, 1, 0
11.554679, 1, 1
11.554705, 1, 0
11.554731, 1, 1
11.554809, 1, 0
11.554835, 1, 1
11.554887, 1, 0
11.554939, 1, 1
11.554965, 1, 0
11.555199, 1, 1
11.556239, 1, 0
11.556473, 1, 1
11.556499, 1, 0
11.556525, 1, 1
11.556551, 1, 0
11.556577, 1, 1
11.556603, 1, 0
11.556707, 1, 1
12.059991, 1, 0
12.060017, 1, 1
12.060043, 1, 0
12.060225, 1, 1
12.060251, 1, 0
12.060303, 1, 1
12.060329, 1, 0
12.060355, 1, 1
12.060381, 1, 0
12.060485, 1, 1
12.060511, 1, 0
12.060667, 1, 1
12.060693, 1, 0
12.060745, 1, 1
12.060771, 1, 0
12.061005, 1, 1
12.061031, 1, 0
12.061057, 1, 1
12.061135, 1, 0
12.061161, 1, 1
12.061187, 1, 0
12.061265, 1, 1
12.061291, 1, 0
12.061395, 1, 1
12.061421, 1, 0
12.061525, 1, 1
12.061551, 1, 0
12.061577, 1, 1
12.061603, 1, 0
12.061629, 1, 1
12.061655, 1, 0
12.061785, 1, 1
12.061811, 1, 0
12.061837, 1, 1
12.061915, 1, 0
12.061967, 1, 1
12.061993, 1, 0
12.062045, 1, 1
12.062071, 1, 0
12.062305, 1, 1
12.062331, 1, 0
12.062565, 1, 1
12.062591, 1, 0
12.062617, 1, 1
12.062643, 1, 0
12.062669, 1, 1
12.062695, 1, 0
12.062721, 1, 1
12.062799, 1, 0
12.062825, 1, 1
12.567981, 1, 0
12.568007, 1, 1
12.568033, 1, 0
12.568215, 1, 1
12.568241, 1, 0
12.568293, 1, 1
12.568319, 1, 0
12.568345, 1, 1
12.568371, 1, 0
12.568475, 1, 1
12.568501, 1, 0
12.568657, 1, 1
12.568683, 1, 0
12.568735, 1, 1
12.568761, 1, 0
12.568995, 1, 1
12.569021, 1, 0
12.569047, 1, 1
12.569125, 1, 0
12.569151, 1, 1
12.569177, 1, 0
12.569255, 1, 1
12.569281, 1, 0
12.569385, 1, 1
12.569411, 1, 0
12.569515, 1, 1
12.569541, 1, 0
12.569567, 1, 1
12.569593, 1, 0
12.569619, 1, 1
12.569645, 1, 0
12.569775, 1, 1
12.569801, 1, 0
12.569905, 1, 1
12.569957, 1, 0
12.570035, 1, 1
12.570061, 1, 0
12.570295, 1, 1
12.570321, 1, 0
12.570555, 1, 1
12.570581, 1, 0
12.570633, 1, 1
12.570685, 1, 0
12.570737, 1, 1
12.570789, 1, 0
12.570815, 1, 1
13.075425, 1, 0
13.075451, 1, 1
13.075477, 1, 0
13.075659, 1, 1
13.075685, 1, 0
13.075737, 1, 1
13.075763, 1, 0
13.075789, 1, 1
13.075815, 1, 0
13.075919, 1, 1
13.075945, 1, 0
13.076101, 1, 1
13.076127, 1, 0
13.076179, 1, 1
13.076205, 1, 0
13.076439, 1, 1
13.076465, 1, 0
13.076491, 1, 1
13.076569, 1, 0
13.076595, 1, 1
13.076621, 1, 0
13.076699, 1, 1
13.076725, 1, 0
13.076829, 1, 1
13.076855, 1, 0
13.076959, 1, 1
13.076985, 1, 0
13.077011, 1, 1
13.077037, 1, 0
13.077063, 1, 1
13.077089, 1, 0
13.077219, 1, 1
13.077245, 1, 0
13.077297, 1, 1
13.077323, 1, 0
13.077349, 1, 1
13.077375, 1, 0
13.077479, 1, 1
13.077505, 1, 0
13.077739, 1, 1
13.077765, 1, 0
13.077999, 1, 1
13.078025, 1, 0
13.078129, 1, 1
13.078181, 1, 0
13.078207, 1, 1
13.078233, 1, 0
13.078259, 1, 1
13.582011, 1, 0
13.582037, 1, 1
13.582063, 1, 0
13.582245, 1, 1
13.582271, 1, 0
13.582323, 1, 1
13.582349, 1, 0
13.582375, 1, 1
13.582401, 1, 0
13.582505, 1, 1
13.582531, 1, 0
13.582687, 1, 1
13.582713, 1, 0
13.582765, 1, 1
13.582791, 1, 0
13.583025, 1, 1
13.583051, 1, 0
13.583077, 1, 1
13.583155, 1, 0
13.583181, 1, 1
13.583207, 1, 0
13.583285, 1, 1
13.583311, 1, 0
13.583415, 1, 1
13.583441, 1, 0
13.583545, 1, 1
13.583571, 1, 0
13.583597, 1, 1
13.583623, 1, 0
13.583649, 1, 1
13.583675, 1, 0
13.583805, 1, 1
13.583831, 1, 0
13.584065, 1, 1
13.584091, 1, 0
13.584325, 1, 1
13.584351, 1, 0
13.584585, 1, 1
13.584611, 1, 0
13.584663, 1, 1
13.584741, 1, 0
13.584793, 1, 1
13.584819, 1, 0
13.584845, 1, 1
14.087375, 1, 0
14.087401, 1, 1
14.087427, 1, 0
14.087609, 1, 1
14.087635, 1, 0
14.087687, 1, 1
14.087713, 1, 0
14.087739, 1, 1
14.087765, 1, 0
14.087869, 1, 1
14.087895, 1, 0
14.088051, 1, 1
14.088077, 1, 0
14.088129, 1, 1
14.088155, 1, 0
14.088389, 1, 1
14.088415, 1, 0
14.088493, 1, 1
14.088519, 1, 0
14.088545, 1, 1
14.088571, 1, 0
14.088649, 1, 1
14.088675, 1, 0
14.088779, 1, 1
14.088805, 1, 0
14.088883, 1, 1
14.088935, 1, 0
14.088961, 1, 1
14.088987, 1, 0
14.089013, 1, 1
14.089039, 1, 0
14.089169, 1, 1
14.089195, 1, 0
14.089221, 1, 1
14.089455, 1, 0
14.089481, 1, 1
14.089715, 1, 0
14.089949, 1, 1
14.089975, 1, 0
14.090001, 1, 1
14.090027, 1, 0
14.090079, 1, 1
14.090105, 1, 0
14.090157, 1, 1
14.918993, 0, 1
14.919019, 1, 1
14.919045, 0, 1
14.919227, 1, 1
14.919254, 0, 1
14.919280, 1, 1
14.919306, 0, 1
14.919332, 1, 1
14.919358, 0, 1
14.919488, 1, 1
14.919514, 0, 1
14.919540, 1, 1
14.919566, 0, 1
14.919670, 1, 1
14.919696, 0, 1
14.919749, 1, 1
14.919775, 0, 1
14.920009, 1, 1
14.920035, 0, 1
14.920087, 1, 1
14.920113, 0, 1
14.920192, 1, 1
14.920218, 0, 1
14.920270, 1, 1
14.920296, 0, 1
14.920400, 1, 1
14.920426, 0, 1
14.920478, 1, 1
14.920504, 0, 1
14.920530, 1, 1
14.945820, 1, 0
14.945846, 1, 1
14.945872, 1, 0
14.946054, 1, 1
14.946080, 1, 0
14.946158, 1, 1
14.946184, 1, 0
14.946314, 1, 1
14.946340, 1, 0
14.946366, 1, 1
14.946392, 1, 0
14.946496, 1, 1
14.946522, 1, 0
14.946548, 1, 1
14.946600, 1, 0
14.946834, 1, 1
14.947666, 1, 0
14.947692, 1, 1
14.947718, 1, 0
14.947744, 1, 1
14.947770, 1, 0
14.947822, 1, 1
14.947848, 1, 0
14.947874, 1, 1
14.997040, 1, 0
14.997066, 1, 1
14.997092, 1, 0
14.997274, 1, 1
14.997300, 1, 0
14.997352, 1, 1
14.997378, 1, 0
14.997404, 1, 1
14.997430, 1, 0
14.997534, 1, 1
14.997560, 1, 0
14.997716, 1, 1
14.997742, 1, 0
14.997794, 1, 1
14.997820, 1, 0
14.998054, 1, 1
14.998080, 1, 0
14.998158, 1, 1
14.998184, 1, 0
14.998210, 1, 1
14.998236, 1, 0
14.998314, 1, 1
14.998340, 1, 0
14.998444, 1, 1
14.998470, 1, 0
14.998548, 1, 1
14.998600, 1, 0
14.998626, 1, 1
14.998652, 1, 0
14.998678, 1, 1
14.998704, 1, 0
14.998834, 1, 1
14.998860, 1, 0
14.998886, 1, 1
14.999120, 1, 0
14.999146, 1, 1
14.999380, 1, 0
14.999614, 1, 1
14.999640, 1, 0
14.999666, 1, 1
14.999692, 1, 0
14.999744, 1, 1
14.999770, 1, 0
14.999822, 1, 1
15.048208, 1, 0
15.048234, 1, 1
15.048260, 1, 0
15.048442, 1, 1
15.048468, 1, 0
15.048546, 1, 1
15.048572, 1, 0
15.048598, 1, 1
15.048624, 1, 0
15.048702, 1, 1
15.048728, 1, 0
15.048780, 1, 1
15.048806, 1, 0
15.048884, 1, 1
15.048910, 1, 0
15.048962, 1, 1
15.048988, 1, 0
15.049222, 1, 1
15.049248, 1, 0
15.049274, 1, 1
15.049300, 1, 0
15.049326, 1, 1
15.049352, 1, 0
15.049430, 1, 1
15.049456, 1, 0
15.049482, 1, 1
15.049508, 1, 0
15.049560, 1, 1
15.049586, 1, 0
15.049638, 1, 1
15.049664, 1, 0
15.049742, 1, 1
15.049768, 1, 0
15.049846, 1, 1
15.049872, 1, 0
15.049950, 1, 1
15.049976, 1, 0
15.050002, 1, 1
15.050028, 1, 0
15.050054, 1, 1
15.050080, 1, 0
15.050132, 1, 1
15.050184, 1, 0
15.050262, 1, 1
15.050288, 1, 0
15.050522, 1, 1
15.050548, 1, 0
15.050600, 1, 1
15.050678, 1, 0
15.050704, 1, 1
15.050808, 1, 0
15.051042, 1, 1
15.051068, 1, 0
15.051302, 1, 1
15.051328, 1, 0
15.051562, 1, 1
15.051588, 1, 0
15.051614, 1, 1
15.051640, 1, 0
15.051666, 1, 1
15.051692, 1, 0
15.051822, 1, 1
15.051848, 1, 0
15.051900, 1, 1
15.051926, 1, 0
15.051952, 1, 1
15.052108, 1, 0
15.052134, 1, 1
15.052368, 1, 0
15.052394, 1, 1
15.052628, 1, 0
15.052758, 1, 1
15.052784, 1, 0
15.052836, 1, 1
15.052888, 1, 0
15.052914, 1, 1
15.052940, 1, 0
15.053122, 1, 1
15.053148, 1, 0
15.053382, 1, 1
15.053408, 1, 0
15.053460, 1, 1
15.053512, 1, 0
15.053564, 1, 1
15.053616, 1, 0
15.053642, 1, 1
