Time[s], Channel 0, Channel 1, Channel 2
90.0000000, 0, 1, 1
96.9770845, 0, 0, 1
96.9776384, 0, 1, 1
96.9786515, 0, 0, 1
96.9798342, 0, 1, 1
96.9817658, 0, 0, 1
96.9817972, 0, 1, 1
96.9837668, 0, 0, 1
96.9837981, 0, 1, 1
96.9857668, 0, 0, 1
96.9857981, 0, 1, 1
96.9877668, 0, 0, 1
96.9877981, 0, 1, 1
96.9897668, 0, 0, 1
96.9897981, 0, 1, 1
96.9917668, 0, 0, 1
96.9917981, 0, 1, 1
96.9937668, 0, 0, 1
96.9937982, 0, 1, 1
96.9957668, 0, 0, 1
96.9957982, 0, 1, 1
96.9977668, 0, 0, 1
96.9977982, 0, 1, 1
96.9997678, 0, 0, 1
96.9997991, 0, 1, 1
97.0017678, 0, 0, 1
97.0017991, 0, 1, 1
97.0037680, 0, 0, 1
97.0037994, 0, 1, 1
97.0057680, 0, 0, 1
97.0057994, 0, 1, 1
97.0077680, 0, 0, 1
97.0077994, 0, 1, 1
97.0097681, 0, 0, 1
97.0097994, 0, 1, 1
97.0117681, 0, 0, 1
97.0117994, 0, 1, 1
97.0137681, 0, 0, 1
97.0137994, 0, 1, 1
97.0157681, 0, 0, 1
97.0157994, 0, 1, 1
97.0177681, 0, 0, 1
97.0177994, 0, 1, 1
97.0197690, 0, 0, 1
97.0198004, 0, 1, 1
97.0217683, 0, 0, 1
97.0217996, 0, 1, 1
97.0237689, 0, 0, 1
97.0238002, 0, 1, 1
97.0257686, 0, 0, 1
97.0258000, 0, 1, 1
97.0277687, 0, 0, 1
97.0278000, 0, 1, 1
97.0297688, 0, 0, 1
97.0298002, 0, 1, 1
98.8068814, 0, 0, 1
98.8069128, 0, 1, 1
98.8088814, 0, 0, 1
98.8089128, 0, 1, 1
98.8108814, 0, 0, 1
98.8109128, 0, 1, 1
98.8128824, 0, 0, 1
98.8129137, 0, 1, 1
98.8148824, 0, 0, 1
98.8149137, 0, 1, 1
98.8168824, 0, 0, 1
98.8169137, 0, 1, 1
98.8188824, 0, 0, 1
98.8189137, 0, 1, 1
98.8208824, 0, 0, 1
98.8209138, 0, 1, 1
98.8228827, 0, 0, 1
98.8229140, 0, 1, 1
98.8248827, 0, 0, 1
98.8249140, 0, 1, 1
98.8268827, 0, 0, 1
98.8269140, 0, 1, 1
98.8288827, 0, 0, 1
98.8289140, 0, 1, 1
98.8297703, 0, 0, 1
98.8317554, 0, 1, 1
98.8327685, 0, 0, 1
98.8339512, 0, 1, 1
98.8358837, 0, 0, 1
98.8359151, 0, 1, 1
98.8378838, 0, 0, 1
98.8379151, 0, 1, 1
98.8398838, 0, 0, 1
98.8399151, 0, 1, 1
98.8418838, 0, 0, 1
98.8419151, 0, 1, 1
98.8438838, 0, 0, 1
98.8439151, 0, 1, 1
98.8458838, 0, 0, 1
98.8459151, 0, 1, 1
98.8478838, 0, 0, 1
98.8479152, 0, 1, 1
98.8498847, 0, 0, 1
98.8499161, 0, 1, 1
98.8518848, 0, 0, 1
98.8519161, 0, 1, 1
98.8538848, 0, 0, 1
98.8539161, 0, 1, 1
98.8558848, 0, 0, 1
98.8559161, 0, 1, 1
98.8578848, 0, 0, 1
98.8579161, 0, 1, 1
98.8778862, 0, 0, 1
98.8779175, 0, 1, 1
98.8798862, 0, 0, 1
98.8799175, 0, 1, 1
98.8818862, 0, 0, 1
98.8819175, 0, 1, 1
98.8838862, 0, 0, 1
98.8839176, 0, 1, 1
98.8858862, 0, 0, 1
98.8859176, 0, 1, 1
98.8878871, 0, 0, 1
98.8879185, 0, 1, 1
98.8898872, 0, 0, 1
98.8899185, 0, 1, 1
98.8918872, 0, 0, 1
98.8919185, 0, 1, 1
98.8938872, 0, 0, 1
98.8939185, 0, 1, 1
98.8958872, 0, 0, 1
98.8959185, 0, 1, 1
98.8978872, 0, 0, 1
98.8979186, 0, 1, 1
98.8998872, 0, 0, 1
98.8999186, 0, 1, 1
98.9018872, 0, 0, 1
98.9019186, 0, 1, 1
98.9038882, 0, 0, 1
98.9039195, 0, 1, 1
98.9058882, 0, 0, 1
98.9059195, 0, 1, 1
98.9078882, 0, 0, 1
98.9079195, 0, 1, 1
98.9098882, 0, 0, 1
98.9099195, 0, 1, 1
98.9118882, 0, 0, 1
98.9119196, 0, 1, 1
98.9138882, 0, 0, 1
98.9139196, 0, 1, 1
98.9158882, 0, 0, 1
98.9159196, 0, 1, 1
98.9178882, 0, 0, 1
98.9179196, 0, 1, 1
98.9198892, 0, 0, 1
98.9199205, 0, 1, 1
98.9218892, 0, 0, 1
98.9219205, 0, 1, 1
98.9238892, 0, 0, 1
98.9239205, 0, 1, 1
98.9258892, 0, 0, 1
98.9259206, 0, 1, 1
98.9278892, 0, 0, 1
98.9279206, 0, 1, 1
98.9298895, 0, 0, 1
98.9299208, 0, 1, 1
98.9318898, 0, 0, 1
98.9319211, 0, 1, 1
98.9327763, 0, 0, 1
98.9347620, 0, 1, 1
98.9357755, 0, 0, 1
98.9369584, 0, 1, 1
98.9388901, 0, 0, 1
98.9389215, 0, 1, 1
98.9408903, 0, 0, 1
98.9409216, 0, 1, 1
98.9428904, 0, 0, 1
98.9429218, 0, 1, 1
98.9448906, 0, 0, 1
98.9449219, 0, 1, 1
98.9468908, 0, 0, 1
98.9469221, 0, 1, 1
98.9488909, 0, 0, 1
98.9489223, 0, 1, 1
98.9508911, 0, 0, 1
98.9509224, 0, 1, 1
98.9528909, 0, 0, 1
98.9529223, 0, 1, 1
98.9548911, 0, 0, 1
98.9549225, 0, 1, 1
98.9568908, 0, 0, 1
98.9569222, 0, 1, 1
98.9588916, 0, 0, 1
98.9589230, 0, 1, 1
98.9608917, 0, 0, 1
98.9609231, 0, 1, 1
98.9628919, 0, 0, 1
98.9629232, 0, 1, 1
98.9648916, 0, 0, 1
98.9649230, 0, 1, 1
98.9668918, 0, 0, 1
98.9669231, 0, 1, 1
98.9688920, 0, 0, 1
98.9689233, 0, 1, 1
98.9708921, 0, 0, 1
98.9709235, 0, 1, 1
98.9728923, 0, 0, 1
98.9729236, 0, 1, 1
98.9748924, 0, 0, 1
98.9749237, 0, 1, 1
98.9768921, 0, 0, 1
98.9769234, 0, 1, 1
98.9788927, 0, 0, 1
98.9789241, 0, 1, 1
98.9808928, 0, 0, 1
98.9809241, 0, 1, 1
98.9828929, 0, 0, 1
98.9829243, 0, 1, 1
98.9848931, 0, 0, 1
98.9849244, 0, 1, 1
98.9868933, 0, 0, 1
98.9869246, 0, 1, 1
98.9888934, 0, 0, 1
98.9889248, 0, 1, 1
98.9908936, 0, 0, 1
98.9909249, 0, 1, 1
98.9928937, 0, 0, 1
98.9929251, 0, 1, 1
98.9948936, 0, 0, 1
98.9949250, 0, 1, 1
98.9968938, 0, 0, 1
98.9969251, 0, 1, 1
98.9988935, 0, 0, 1
98.9989248, 0, 1, 1
99.0008943, 0, 0, 1
99.0009256, 0, 1, 1
99.0028944, 0, 0, 1
99.0029257, 0, 1, 1
99.0048945, 0, 0, 1
99.0049259, 0, 1, 1
99.0068938, 0, 0, 1
99.0069251, 0, 1, 1
99.0088940, 0, 0, 1
99.0089253, 0, 1, 1
99.0108941, 0, 0, 1
99.0109255, 0, 1, 1
99.0128943, 0, 0, 1
99.0129256, 0, 1, 1
99.0148944, 0, 0, 1
99.0149258, 0, 1, 1
99.0168945, 0, 0, 1
99.0169259, 0, 1, 1
99.0188952, 0, 0, 1
99.0189265, 0, 1, 1
99.3849183, 0, 0, 1
99.3849497, 0, 1, 1
99.3869184, 0, 0, 1
99.3869497, 0, 1, 1
99.3889184, 0, 0, 1
99.3889497, 0, 1, 1
99.3909184, 0, 0, 1
99.3909497, 0, 1, 1
99.3929184, 0, 0, 1
99.3929497, 0, 1, 1
99.3949184, 0, 0, 1
99.3949497, 0, 1, 1
99.3969193, 0, 0, 1
99.3969507, 0, 1, 1
99.3989193, 0, 0, 1
99.3989507, 0, 1, 1
99.4009194, 0, 0, 1
99.4009507, 0, 1, 1
99.4029194, 0, 0, 1
99.4029507, 0, 1, 1
99.4049194, 0, 0, 1
99.4049507, 0, 1, 1
99.4069194, 0, 0, 1
99.4069507, 0, 1, 1
99.4089194, 0, 0, 1
99.4089507, 0, 1, 1
99.4109194, 0, 0, 1
99.4109508, 0, 1, 1
99.4129203, 0, 0, 1
99.4129517, 0, 1, 1
99.4149204, 0, 0, 1
99.4149517, 0, 1, 1
99.4169204, 0, 0, 1
99.4169517, 0, 1, 1
99.4189204, 0, 0, 1
99.4189517, 0, 1, 1
99.4209204, 0, 0, 1
99.4209517, 0, 1, 1
99.4229204, 0, 0, 1
99.4229517, 0, 1, 1
99.4249204, 0, 0, 1
99.4249518, 0, 1, 1
99.4269204, 0, 0, 1
99.4269518, 0, 1, 1
99.4289214, 0, 0, 1
99.4289527, 0, 1, 1
99.4309214, 0, 0, 1
99.4309527, 0, 1, 1
99.4329214, 0, 0, 1
99.4329527, 0, 1, 1
99.4349214, 0, 0, 1
99.4349527, 0, 1, 1
99.4369214, 0, 0, 1
99.4369527, 0, 1, 1
99.4389214, 0, 0, 1
99.4389528, 0, 1, 1
99.4409214, 0, 0, 1
99.4409528, 0, 1, 1
99.4429214, 0, 0, 1
99.4429528, 0, 1, 1
99.4449224, 0, 0, 1
99.4449537, 0, 1, 1
99.4469224, 0, 0, 1
99.4469537, 0, 1, 1
99.4478090, 0, 0, 1
99.4497951, 0, 1, 1
99.4508073, 0, 0, 1
99.4519908, 0, 1, 1
99.4539225, 0, 0, 1
99.4539539, 0, 1, 1
99.4559225, 0, 0, 1
99.4559539, 0, 1, 1
99.4579225, 0, 0, 1
99.4579539, 0, 1, 1
99.4599225, 0, 0, 1
99.4599539, 0, 1, 1
99.4619226, 0, 0, 1
99.4619539, 0, 1, 1
99.4639231, 0, 0, 1
99.4639544, 0, 1, 1
99.4659231, 0, 0, 1
99.4659544, 0, 1, 1
99.4679231, 0, 0, 1
99.4679544, 0, 1, 1
99.4699233, 0, 0, 1
99.4699547, 0, 1, 1
99.4719233, 0, 0, 1
99.4719547, 0, 1, 1
99.4739234, 0, 0, 1
99.4739547, 0, 1, 1
99.4759243, 0, 0, 1
99.4759556, 0, 1, 1
99.4779243, 0, 0, 1
99.4779556, 0, 1, 1
99.4799243, 0, 0, 1
99.4799557, 0, 1, 1
99.4819243, 0, 0, 1
99.4819557, 0, 1, 1
104.4232365, 0, 0, 1
104.4232679, 0, 1, 1
104.4241237, 0, 0, 1
104.4261090, 0, 1, 1
104.4271223, 0, 0, 1
104.4283050, 0, 1, 1
104.4302369, 0, 0, 1
104.4302683, 0, 1, 1
104.4322375, 0, 0, 1
104.4322689, 0, 1, 1
104.4342374, 0, 0, 1
104.4342687, 0, 1, 1
104.4362371, 0, 0, 1
104.4362684, 0, 1, 1
104.4382376, 0, 0, 1
104.4382690, 0, 1, 1
104.4402373, 0, 0, 1
104.4402687, 0, 1, 1
104.4422379, 0, 0, 1
104.4422693, 0, 1, 1
104.4442376, 0, 0, 1
104.4442689, 0, 1, 1
104.4462382, 0, 0, 1
104.4462695, 0, 1, 1
104.4482382, 0, 0, 1
104.4482695, 0, 1, 1
104.4502382, 0, 0, 1
104.4502696, 0, 1, 1
104.4522383, 0, 0, 1
104.4522696, 0, 1, 1
104.4542383, 0, 0, 1
104.4542697, 0, 1, 1
104.4562384, 0, 0, 1
104.4562697, 0, 1, 1
104.4582384, 0, 0, 1
104.4582698, 0, 1, 1
104.4602385, 0, 0, 1
104.4602698, 0, 1, 1
104.4622394, 0, 0, 1
104.4622708, 0, 1, 1
104.4642391, 0, 0, 1
104.4642704, 0, 1, 1
104.4662395, 0, 0, 1
104.4662708, 0, 1, 1
104.4682399, 0, 0, 1
104.4682712, 0, 1, 1
104.4702395, 0, 0, 1
104.4702709, 0, 1, 1
104.4722395, 0, 0, 1
104.4722708, 0, 1, 1
104.4742395, 0, 0, 1
104.4742708, 0, 1, 1
104.4762395, 0, 0, 1
104.4762708, 0, 1, 1
104.4782404, 0, 0, 1
104.4782718, 0, 1, 1
104.4802404, 0, 0, 1
104.4802718, 0, 1, 1
104.4822404, 0, 0, 1
104.4822718, 0, 1, 1
104.4842404, 0, 0, 1
104.4842718, 0, 1, 1
104.4862405, 0, 0, 1
104.4862718, 0, 1, 1
104.4882405, 0, 0, 1
104.4882718, 0, 1, 1
104.4902405, 0, 0, 1
104.4902718, 0, 1, 1
104.4922405, 0, 0, 1
104.4922718, 0, 1, 1
104.4942414, 0, 0, 1
104.4942728, 0, 1, 1
104.4962414, 0, 0, 1
104.4962728, 0, 1, 1
104.4982414, 0, 0, 1
104.4982728, 0, 1, 1
104.5002415, 0, 0, 1
104.5002728, 0, 1, 1
104.5022415, 0, 0, 1
104.5022728, 0, 1, 1
104.5042415, 0, 0, 1
104.5042728, 0, 1, 1
104.5062415, 0, 0, 1
104.5062728, 0, 1, 1
104.5082415, 0, 0, 1
104.5082728, 0, 1, 1
104.5102424, 0, 0, 1
104.5102738, 0, 1, 1
104.5122424, 0, 0, 1
104.5122738, 0, 1, 1
104.5142425, 0, 0, 1
104.5142738, 0, 1, 1
104.5162425, 0, 0, 1
104.5162738, 0, 1, 1
104.5182425, 0, 0, 1
104.5182738, 0, 1, 1
104.5202425, 0, 0, 1
104.5202738, 0, 1, 1
104.5222425, 0, 0, 1
104.5222738, 0, 1, 1
104.5242425, 0, 0, 1
104.5242739, 0, 1, 1
104.5262434, 0, 0, 1
104.5262748, 0, 1, 1
104.5271301, 0, 0, 1
104.5291162, 0, 1, 1
104.5301284, 0, 0, 1
104.5313119, 0, 1, 1
104.5332436, 0, 0, 1
104.5332749, 0, 1, 1
104.5352436, 0, 0, 1
104.5352749, 0, 1, 1
104.5372436, 0, 0, 1
104.5372749, 0, 1, 1
104.5392436, 0, 0, 1
104.5392750, 0, 1, 1
104.5412439, 0, 0, 1
104.5412752, 0, 1, 1
104.5432439, 0, 0, 1
104.5432752, 0, 1, 1
104.5452439, 0, 0, 1
104.5452752, 0, 1, 1
104.5472448, 0, 0, 1
104.5472762, 0, 1, 1
104.5492448, 0, 0, 1
104.5492762, 0, 1, 1
104.5512448, 0, 0, 1
104.5512762, 0, 1, 1
104.5532448, 0, 0, 1
104.5532762, 0, 1, 1
104.5552449, 0, 0, 1
104.5552762, 0, 1, 1
104.5572449, 0, 0, 1
104.5572762, 0, 1, 1
104.5592449, 0, 0, 1
104.5592762, 0, 1, 1
104.5612449, 0, 0, 1
104.5612762, 0, 1, 1
104.5632458, 0, 0, 1
104.5632772, 0, 1, 1
104.5652458, 0, 0, 1
104.5652771, 0, 1, 1
104.5672458, 0, 0, 1
104.5672772, 0, 1, 1
104.5692458, 0, 0, 1
104.5692772, 0, 1, 1
104.5712458, 0, 0, 1
104.5712772, 0, 1, 1
104.5732458, 0, 0, 1
104.5732772, 0, 1, 1
104.5752458, 0, 0, 1
104.5752772, 0, 1, 1
104.5772459, 0, 0, 1
104.5772772, 0, 1, 1
104.5792468, 0, 0, 1
104.5792781, 0, 1, 1
104.5812468, 0, 0, 1
104.5812782, 0, 1, 1
104.5832468, 0, 0, 1
104.5832782, 0, 1, 1
104.5852468, 0, 0, 1
104.5852782, 0, 1, 1
104.5872468, 0, 0, 1
104.5872782, 0, 1, 1
104.5892468, 0, 0, 1
104.5892782, 0, 1, 1
104.5912469, 0, 0, 1
104.5912782, 0, 1, 1
104.5932469, 0, 0, 1
104.5932782, 0, 1, 1
104.5952478, 0, 0, 1
104.5952792, 0, 1, 1
104.5972478, 0, 0, 1
104.5972792, 0, 1, 1
104.5992478, 0, 0, 1
104.5992792, 0, 1, 1
104.6012478, 0, 0, 1
104.6012792, 0, 1, 1
104.6032478, 0, 0, 1
104.6032792, 0, 1, 1
104.6052479, 0, 0, 1
104.6052792, 0, 1, 1
104.6072479, 0, 0, 1
104.6072792, 0, 1, 1
104.6092727, 0, 0, 1
104.6093040, 0, 1, 1
104.6112487, 0, 0, 1
104.6112800, 0, 1, 1
104.6132487, 0, 0, 1
104.6132800, 0, 1, 1
104.6152487, 0, 0, 1
104.6152800, 0, 1, 1
104.6172487, 0, 0, 1
104.6172800, 0, 1, 1
104.6192487, 0, 0, 1
104.6192801, 0, 1, 1
104.6212487, 0, 0, 1
104.6212801, 0, 1, 1
104.6232497, 0, 0, 1
104.6232810, 0, 1, 1
104.6252497, 0, 0, 1
104.6252810, 0, 1, 1
104.6272497, 0, 0, 1
104.6272810, 0, 1, 1
104.6292497, 0, 0, 1
104.6292810, 0, 1, 1
104.6301364, 0, 0, 1
104.6321224, 0, 1, 1
104.6331355, 0, 0, 1
104.6343182, 0, 1, 1
104.6362498, 0, 0, 1
104.6362812, 0, 1, 1
104.6382498, 0, 0, 1
104.6382812, 0, 1, 1
104.6402498, 0, 0, 1
104.6402812, 0, 1, 1
104.6422508, 0, 0, 1
104.6422821, 0, 1, 1
104.6442508, 0, 0, 1
104.6442821, 0, 1, 1
104.6462508, 0, 0, 1
104.6462821, 0, 1, 1
104.6482510, 0, 0, 1
104.6482824, 0, 1, 1
104.6502511, 0, 0, 1
104.6502824, 0, 1, 1
104.6522511, 0, 0, 1
104.6522824, 0, 1, 1
104.6542511, 0, 0, 1
104.6542824, 0, 1, 1
104.6562511, 0, 0, 1
104.6562824, 0, 1, 1
104.6582511, 0, 0, 1
104.6582824, 0, 1, 1
104.6602511, 0, 0, 1
104.6602825, 0, 1, 1
104.6622520, 0, 0, 1
104.6622834, 0, 1, 1
104.6642516, 0, 0, 1
104.6642830, 0, 1, 1
104.6662518, 0, 0, 1
104.6662831, 0, 1, 1
104.6682524, 0, 0, 1
104.6682838, 0, 1, 1
104.6702521, 0, 0, 1
104.6702835, 0, 1, 1
104.6722522, 0, 0, 1
104.6722835, 0, 1, 1
104.6742523, 0, 0, 1
104.6742837, 0, 1, 1
104.6762525, 0, 0, 1
104.6762839, 0, 1, 1
104.6782527, 0, 0, 1
104.6782840, 0, 1, 1
104.6802528, 0, 0, 1
104.6802842, 0, 1, 1
104.6822530, 0, 0, 1
104.6822843, 0, 1, 1
104.6842532, 0, 0, 1
104.6842845, 0, 1, 1
104.6862530, 0, 0, 1
104.6862844, 0, 1, 1
104.6882532, 0, 0, 1
104.6882845, 0, 1, 1
104.6902538, 0, 0, 1
104.6902852, 0, 1, 1
104.6922537, 0, 0, 1
104.6922851, 0, 1, 1
104.6942538, 0, 0, 1
104.6942851, 0, 1, 1
104.6962540, 0, 0, 1
104.6962853, 0, 1, 1
104.6982541, 0, 0, 1
104.6982855, 0, 1, 1
104.7002543, 0, 0, 1
104.7002856, 0, 1, 1
104.7022545, 0, 0, 1
104.7022858, 0, 1, 1
104.7042546, 0, 0, 1
104.7042860, 0, 1, 1
104.7062548, 0, 0, 1
104.7062861, 0, 1, 1
104.7082549, 0, 0, 1
104.7082862, 0, 1, 1
104.7102546, 0, 0, 1
104.7102859, 0, 1, 1
104.7122552, 0, 0, 1
104.7122865, 0, 1, 1
104.7142552, 0, 0, 1
104.7142866, 0, 1, 1
104.7162554, 0, 0, 1
104.7162868, 0, 1, 1
104.7182556, 0, 0, 1
104.7182869, 0, 1, 1
104.7202557, 0, 0, 1
104.7202871, 0, 1, 1
104.7222559, 0, 0, 1
104.7222873, 0, 1, 1
104.7242552, 0, 0, 1
104.7242865, 0, 1, 1
104.7262553, 0, 0, 1
104.7262867, 0, 1, 1
104.7282561, 0, 0, 1
104.7282874, 0, 1, 1
104.7302563, 0, 0, 1
104.7302876, 0, 1, 1
104.7322560, 0, 0, 1
104.7322873, 0, 1, 1
104.7331429, 0, 0, 1
104.7351290, 0, 1, 1
104.7361418, 0, 0, 1
104.7373249, 0, 1, 1
104.7392568, 0, 0, 1
104.7392881, 0, 1, 1
104.7412569, 0, 0, 1
104.7412883, 0, 1, 1
104.7432571, 0, 0, 1
104.7432884, 0, 1, 1
104.7452572, 0, 0, 1
104.7452886, 0, 1, 1
104.7472574, 0, 0, 1
104.7472888, 0, 1, 1
104.7492573, 0, 0, 1
104.7492886, 0, 1, 1
104.7512574, 0, 0, 1
104.7512888, 0, 1, 1
104.7532571, 0, 0, 1
104.7532885, 0, 1, 1
104.7552582, 0, 0, 1
104.7552895, 0, 1, 1
104.7572574, 0, 0, 1
104.7572887, 0, 1, 1
104.7592575, 0, 0, 1
104.7592889, 0, 1, 1
104.7612577, 0, 0, 1
104.7612890, 0, 1, 1
104.7632578, 0, 0, 1
104.7632892, 0, 1, 1
104.7652585, 0, 0, 1
104.7652899, 0, 1, 1
104.7672587, 0, 0, 1
104.7672900, 0, 1, 1
104.7692588, 0, 0, 1
104.7692902, 0, 1, 1
104.7712589, 0, 0, 1
104.7712903, 0, 1, 1
104.7732586, 0, 0, 1
104.7732900, 0, 1, 1
104.7752593, 0, 0, 1
104.7752906, 0, 1, 1
104.7772593, 0, 0, 1
104.7772907, 0, 1, 1
104.7792595, 0, 0, 1
104.7792908, 0, 1, 1
104.7812596, 0, 0, 1
104.7812910, 0, 1, 1
104.7832589, 0, 0, 1
104.7832902, 0, 1, 1
104.7852590, 0, 0, 1
104.7852904, 0, 1, 1
104.7872592, 0, 0, 1
104.7872906, 0, 1, 1
104.7892594, 0, 0, 1
104.7892907, 0, 1, 1
104.7912602, 0, 0, 1
104.7912915, 0, 1, 1
104.7932603, 0, 0, 1
104.7932917, 0, 1, 1
104.7952600, 0, 0, 1
104.7952914, 0, 1, 1
104.7972599, 0, 0, 1
104.7972913, 0, 1, 1
104.7992600, 0, 0, 1
104.7992914, 0, 1, 1
104.8012602, 0, 0, 1
104.8012915, 0, 1, 1
104.8032603, 0, 0, 1
104.8032917, 0, 1, 1
104.8052605, 0, 0, 1
104.8052919, 0, 1, 1
104.8072607, 0, 0, 1
104.8072920, 0, 1, 1
104.8092608, 0, 0, 1
104.8092922, 0, 1, 1
104.8112610, 0, 0, 1
104.8112923, 0, 1, 1
104.8132611, 0, 0, 1
104.8132924, 0, 1, 1
104.8152617, 0, 0, 1
104.8152931, 0, 1, 1
104.8172614, 0, 0, 1
104.8172928, 0, 1, 1
104.8192615, 0, 0, 1
104.8192928, 0, 1, 1
104.8212616, 0, 0, 1
104.8212930, 0, 1, 1
104.8232618, 0, 0, 1
104.8232931, 0, 1, 1
104.8252620, 0, 0, 1
104.8252933, 0, 1, 1
104.8272621, 0, 0, 1
104.8272935, 0, 1, 1
104.8292623, 0, 0, 1
104.8292936, 0, 1, 1
104.8312625, 0, 0, 1
104.8312938, 0, 1, 1
104.8332623, 0, 0, 1
104.8332937, 0, 1, 1
104.8352625, 0, 0, 1
104.8352938, 0, 1, 1
104.8361495, 0, 0, 1
104.8381352, 0, 1, 1
104.8391479, 0, 0, 1
104.8403310, 0, 1, 1
104.8422628, 0, 0, 1
104.8422942, 0, 1, 1
104.8442630, 0, 0, 1
104.8442943, 0, 1, 1
104.8462631, 0, 0, 1
104.8462945, 0, 1, 1
104.8482633, 0, 0, 1
104.8482946, 0, 1, 1
104.8502635, 0, 0, 1
104.8502948, 0, 1, 1
104.8522636, 0, 0, 1
104.8522950, 0, 1, 1
104.8542635, 0, 0, 1
104.8542948, 0, 1, 1
104.8562636, 0, 0, 1
104.8562950, 0, 1, 1
104.8582643, 0, 0, 1
104.8582956, 0, 1, 1
104.8602642, 0, 0, 1
104.8602955, 0, 1, 1
104.8622645, 0, 0, 1
104.8622958, 0, 1, 1
104.8642642, 0, 0, 1
104.8642956, 0, 1, 1
104.8662644, 0, 0, 1
104.8662957, 0, 1, 1
104.8682646, 0, 0, 1
104.8682959, 0, 1, 1
104.8702647, 0, 0, 1
104.8702961, 0, 1, 1
104.8722649, 0, 0, 1
104.8722962, 0, 1, 1
104.8742651, 0, 0, 1
104.8742964, 0, 1, 1
104.8762651, 0, 0, 1
104.8762965, 0, 1, 1
104.8782658, 0, 0, 1
104.8782971, 0, 1, 1
104.8802655, 0, 0, 1
104.8802968, 0, 1, 1
104.8822655, 0, 0, 1
104.8822969, 0, 1, 1
104.8842657, 0, 0, 1
104.8842970, 0, 1, 1
104.8862659, 0, 0, 1
104.8862972, 0, 1, 1
104.8882660, 0, 0, 1
104.8882974, 0, 1, 1
104.8902662, 0, 0, 1
104.8902975, 0, 1, 1
104.8922663, 0, 0, 1
104.8922977, 0, 1, 1
104.8942665, 0, 0, 1
104.8942979, 0, 1, 1
104.8962664, 0, 0, 1
104.8962977, 0, 1, 1
104.8982665, 0, 0, 1
104.8982979, 0, 1, 1
104.9002672, 0, 0, 1
104.9002985, 0, 1, 1
104.9022671, 0, 0, 1
104.9022984, 0, 1, 1
104.9042671, 0, 0, 1
104.9042985, 0, 1, 1
104.9062673, 0, 0, 1
104.9062987, 0, 1, 1
104.9082675, 0, 0, 1
104.9082988, 0, 1, 1
104.9102676, 0, 0, 1
104.9102990, 0, 1, 1
104.9122678, 0, 0, 1
104.9122992, 0, 1, 1
104.9142680, 0, 0, 1
104.9142993, 0, 1, 1
104.9162681, 0, 0, 1
104.9162995, 0, 1, 1
104.9182682, 0, 0, 1
104.9182996, 0, 1, 1
104.9202679, 0, 0, 1
104.9202993, 0, 1, 1
104.9222686, 0, 0, 1
104.9222999, 0, 1, 1
104.9242686, 0, 0, 1
104.9243000, 0, 1, 1
104.9262688, 0, 0, 1
104.9263001, 0, 1, 1
104.9282689, 0, 0, 1
104.9283003, 0, 1, 1
104.9302682, 0, 0, 1
104.9302995, 0, 1, 1
104.9322683, 0, 0, 1
104.9322997, 0, 1, 1
104.9342685, 0, 0, 1
104.9342999, 0, 1, 1
104.9362687, 0, 0, 1
104.9363000, 0, 1, 1
104.9382694, 0, 0, 1
104.9383008, 0, 1, 1
104.9391560, 0, 0, 1
104.9411417, 0, 1, 1
104.9421542, 0, 0, 1
104.9433372, 0, 1, 1
104.9452698, 0, 0, 1
104.9453011, 0, 1, 1
104.9472699, 0, 0, 1
104.9473013, 0, 1, 1
104.9492701, 0, 0, 1
104.9493015, 0, 1, 1
104.9512703, 0, 0, 1
104.9513016, 0, 1, 1
104.9532704, 0, 0, 1
104.9533018, 0, 1, 1
104.9552706, 0, 0, 1
104.9553019, 0, 1, 1
104.9572708, 0, 0, 1
104.9573021, 0, 1, 1
104.9592706, 0, 0, 1
104.9593020, 0, 1, 1
104.9612708, 0, 0, 1
104.9613021, 0, 1, 1
104.9632705, 0, 0, 1
104.9633018, 0, 1, 1
104.9652709, 0, 0, 1
104.9653022, 0, 1, 1
104.9672710, 0, 0, 1
104.9673023, 0, 1, 1
104.9692714, 0, 0, 1
104.9693027, 0, 1, 1
104.9712715, 0, 0, 1
104.9713029, 0, 1, 1
104.9732717, 0, 0, 1
104.9733030, 0, 1, 1
104.9752719, 0, 0, 1
104.9753032, 0, 1, 1
104.9772720, 0, 0, 1
104.9773034, 0, 1, 1
104.9792713, 0, 0, 1
104.9793026, 0, 1, 1
104.9812723, 0, 0, 1
104.9813036, 0, 1, 1
104.9832720, 0, 0, 1
104.9833033, 0, 1, 1
104.9852717, 0, 0, 1
104.9853030, 0, 1, 1
104.9872727, 0, 0, 1
104.9873040, 0, 1, 1
104.9892719, 0, 0, 1
104.9893033, 0, 1, 1
104.9912721, 0, 0, 1
104.9913034, 0, 1, 1
104.9932722, 0, 0, 1
104.9933036, 0, 1, 1
104.9952724, 0, 0, 1
104.9953037, 0, 1, 1
104.9972726, 0, 0, 1
104.9973039, 0, 1, 1
104.9992727, 0, 0, 1
104.9993041, 0, 1, 1
105.0012735, 0, 0, 1
105.0013049, 0, 1, 1
105.0032736, 0, 0, 1
105.0033049, 0, 1, 1
105.0052731, 0, 0, 1
105.0053045, 0, 1, 1
105.0072738, 0, 0, 1
105.0073051, 0, 1, 1
105.0092985, 0, 0, 1
105.0093298, 0, 1, 1
105.0112736, 0, 0, 1
105.0113049, 0, 1, 1
105.0132736, 0, 0, 1
105.0133049, 0, 1, 1
105.0152736, 0, 0, 1
105.0153049, 0, 1, 1
105.0172745, 0, 0, 1
105.0173059, 0, 1, 1
105.0192745, 0, 0, 1
105.0193059, 0, 1, 1
105.0212745, 0, 0, 1
105.0213059, 0, 1, 1
105.0232746, 0, 0, 1
105.0233059, 0, 1, 1
105.0582343, 0, 0, 1
105.0593448, 0, 1, 1
105.0612773, 0, 0, 1
105.0613087, 0, 1, 1
105.0632773, 0, 0, 1
105.0633087, 0, 1, 1
105.0652769, 0, 0, 1
105.0653083, 0, 1, 1
105.0672771, 0, 0, 1
105.0673085, 0, 1, 1
105.0692777, 0, 0, 1
105.0693091, 0, 1, 1
105.0712778, 0, 0, 1
105.0713091, 0, 1, 1
105.0732778, 0, 0, 1
105.0733092, 0, 1, 1
105.0752779, 0, 0, 1
105.0753092, 0, 1, 1
105.0761647, 0, 0, 1
105.0781505, 0, 1, 1
105.0791635, 0, 0, 1
105.0803459, 0, 1, 1
105.0822782, 0, 0, 1
105.0823096, 0, 1, 1
105.0842783, 0, 0, 1
105.0843096, 0, 1, 1
105.0862783, 0, 0, 1
105.0863097, 0, 1, 1
105.0882784, 0, 0, 1
105.0883097, 0, 1, 1
105.0902784, 0, 0, 1
105.0903098, 0, 1, 1
105.0922785, 0, 0, 1
105.0923098, 0, 1, 1
105.0942794, 0, 0, 1
105.0943108, 0, 1, 1
105.0962795, 0, 0, 1
105.0963108, 0, 1, 1
105.0982795, 0, 0, 1
105.0983109, 0, 1, 1
105.1002796, 0, 0, 1
105.1003109, 0, 1, 1
105.1022791, 0, 0, 1
105.1023104, 0, 1, 1
105.1042794, 0, 0, 1
105.1043108, 0, 1, 1
105.1062798, 0, 0, 1
105.1063112, 0, 1, 1
105.1082795, 0, 0, 1
105.1083109, 0, 1, 1
105.1102806, 0, 0, 1
105.1103119, 0, 1, 1
105.1122797, 0, 0, 1
105.1123110, 0, 1, 1
105.1142806, 0, 0, 1
105.1143120, 0, 1, 1
105.1162806, 0, 0, 1
105.1163120, 0, 1, 1
105.1182806, 0, 0, 1
105.1183120, 0, 1, 1
105.1202806, 0, 0, 1
105.1203120, 0, 1, 1
105.1222807, 0, 0, 1
105.1223120, 0, 1, 1
105.1242807, 0, 0, 1
105.1243120, 0, 1, 1
105.1262807, 0, 0, 1
105.1263120, 0, 1, 1
105.1282807, 0, 0, 1
105.1283120, 0, 1, 1
105.1302816, 0, 0, 1
105.1303130, 0, 1, 1
105.1322816, 0, 0, 1
105.1323130, 0, 1, 1
105.1342816, 0, 0, 1
105.1343130, 0, 1, 1
105.1362817, 0, 0, 1
105.1363130, 0, 1, 1
105.1382817, 0, 0, 1
105.1383130, 0, 1, 1
105.1402817, 0, 0, 1
105.1403130, 0, 1, 1
105.1422817, 0, 0, 1
105.1423130, 0, 1, 1
105.1442817, 0, 0, 1
105.1443130, 0, 1, 1
105.1462826, 0, 0, 1
105.1463140, 0, 1, 1
105.1482826, 0, 0, 1
105.1483140, 0, 1, 1
105.1502827, 0, 0, 1
105.1503140, 0, 1, 1
105.1522827, 0, 0, 1
105.1523140, 0, 1, 1
105.1542827, 0, 0, 1
105.1543140, 0, 1, 1
105.1562827, 0, 0, 1
105.1563140, 0, 1, 1
105.1582827, 0, 0, 1
105.1583140, 0, 1, 1
105.1602827, 0, 0, 1
105.1603141, 0, 1, 1
105.1622836, 0, 0, 1
105.1623150, 0, 1, 1
105.1642832, 0, 0, 1
105.1643146, 0, 1, 1
105.1662832, 0, 0, 1
105.1663146, 0, 1, 1
105.1682833, 0, 0, 1
105.1683146, 0, 1, 1
105.1702842, 0, 0, 1
105.1703155, 0, 1, 1
105.1722842, 0, 0, 1
105.1723155, 0, 1, 1
105.1742842, 0, 0, 1
105.1743156, 0, 1, 1
105.1762842, 0, 0, 1
105.1763156, 0, 1, 1
105.1782842, 0, 0, 1
105.1783156, 0, 1, 1
105.1791718, 0, 0, 1
105.1811570, 0, 1, 1
105.1821701, 0, 0, 1
105.1833527, 0, 1, 1
105.1852844, 0, 0, 1
105.1853157, 0, 1, 1
105.1872853, 0, 0, 1
105.1873167, 0, 1, 1
105.1892853, 0, 0, 1
105.1893167, 0, 1, 1
105.1912853, 0, 0, 1
105.1913167, 0, 1, 1
105.1932853, 0, 0, 1
105.1933167, 0, 1, 1
105.1952853, 0, 0, 1
105.1953167, 0, 1, 1
105.1972854, 0, 0, 1
105.1973167, 0, 1, 1
105.1992854, 0, 0, 1
105.1993167, 0, 1, 1
105.2012854, 0, 0, 1
105.2013167, 0, 1, 1
105.2032863, 0, 0, 1
105.2033177, 0, 1, 1
105.2052863, 0, 0, 1
105.2053177, 0, 1, 1
105.2072863, 0, 0, 1
105.2073177, 0, 1, 1
105.2092863, 0, 0, 1
105.2093177, 0, 1, 1
105.2112864, 0, 0, 1
105.2113177, 0, 1, 1
105.2132864, 0, 0, 1
105.2133177, 0, 1, 1
105.2152864, 0, 0, 1
105.2153177, 0, 1, 1
105.2172866, 0, 0, 1
105.2173180, 0, 1, 1
105.2192866, 0, 0, 1
105.2193180, 0, 1, 1
105.2212866, 0, 0, 1
105.2213180, 0, 1, 1
105.2232876, 0, 0, 1
105.2233189, 0, 1, 1
105.2252876, 0, 0, 1
105.2253189, 0, 1, 1
105.2272876, 0, 0, 1
105.2273189, 0, 1, 1
105.2292876, 0, 0, 1
105.2293190, 0, 1, 1
105.2312876, 0, 0, 1
105.2313190, 0, 1, 1
105.2332876, 0, 0, 1
105.2333190, 0, 1, 1
105.2352876, 0, 0, 1
105.2353190, 0, 1, 1
105.2372877, 0, 0, 1
105.2373190, 0, 1, 1
105.2392886, 0, 0, 1
105.2393199, 0, 1, 1
105.2412886, 0, 0, 1
105.2413199, 0, 1, 1
105.2432886, 0, 0, 1
105.2433200, 0, 1, 1
105.2452886, 0, 0, 1
105.2453200, 0, 1, 1
105.2472886, 0, 0, 1
105.2473200, 0, 1, 1
105.2492886, 0, 0, 1
105.2493200, 0, 1, 1
105.2512887, 0, 0, 1
105.2513200, 0, 1, 1
105.2532887, 0, 0, 1
105.2533200, 0, 1, 1
105.2552896, 0, 0, 1
105.2553209, 0, 1, 1
105.2572896, 0, 0, 1
105.2573210, 0, 1, 1
105.2592896, 0, 0, 1
105.2593210, 0, 1, 1
105.2612896, 0, 0, 1
105.2613210, 0, 1, 1
105.2632896, 0, 0, 1
105.2633210, 0, 1, 1
105.2652902, 0, 0, 1
105.2653215, 0, 1, 1
105.2672902, 0, 0, 1
105.2673215, 0, 1, 1
105.2692902, 0, 0, 1
105.2693215, 0, 1, 1
105.2712902, 0, 0, 1
105.2713215, 0, 1, 1
105.2732902, 0, 0, 1
105.2733215, 0, 1, 1
105.2752902, 0, 0, 1
105.2753216, 0, 1, 1
105.2772902, 0, 0, 1
105.2773216, 0, 1, 1
105.2792902, 0, 0, 1
105.2793216, 0, 1, 1
105.2812912, 0, 0, 1
105.2813225, 0, 1, 1
105.2821778, 0, 0, 1
105.2841639, 0, 1, 1
105.2851761, 0, 0, 1
105.2863596, 0, 1, 1
105.2882913, 0, 0, 1
105.2883227, 0, 1, 1
105.2902913, 0, 0, 1
105.2903227, 0, 1, 1
105.2922913, 0, 0, 1
105.2923227, 0, 1, 1
105.2942913, 0, 0, 1
105.2943227, 0, 1, 1
105.2962913, 0, 0, 1
105.2963227, 0, 1, 1
105.2982923, 0, 0, 1
105.2983236, 0, 1, 1
105.3002923, 0, 0, 1
105.3003236, 0, 1, 1
105.3022918, 0, 0, 1
105.3023232, 0, 1, 1
105.3042926, 0, 0, 1
105.3043239, 0, 1, 1
105.3062919, 0, 0, 1
105.3063233, 0, 1, 1
105.3082924, 0, 0, 1
105.3083238, 0, 1, 1
105.3102931, 0, 0, 1
105.3103244, 0, 1, 1
105.3122929, 0, 0, 1
105.3123242, 0, 1, 1
105.3142927, 0, 0, 1
105.3143241, 0, 1, 1
105.3162935, 0, 0, 1
105.3163248, 0, 1, 1
105.3183180, 0, 0, 1
105.3183494, 0, 1, 1
105.3202929, 0, 0, 1
105.3203243, 0, 1, 1
105.3222937, 0, 0, 1
105.3223250, 0, 1, 1
105.3242937, 0, 0, 1
105.3243250, 0, 1, 1
105.3262939, 0, 0, 1
105.3263253, 0, 1, 1
105.3282942, 0, 0, 1
105.3283256, 0, 1, 1
105.3302939, 0, 0, 1
105.3303253, 0, 1, 1
105.3322937, 0, 0, 1
105.3323251, 0, 1, 1
105.3342945, 0, 0, 1
105.3343258, 0, 1, 1
105.3362943, 0, 0, 1
105.3363256, 0, 1, 1
105.3382941, 0, 0, 1
105.3383255, 0, 1, 1
105.3402949, 0, 0, 1
105.3403262, 0, 1, 1
105.3422947, 0, 0, 1
105.3423260, 0, 1, 1
105.3442951, 0, 0, 1
105.3443265, 0, 1, 1
105.3462949, 0, 0, 1
105.3463263, 0, 1, 1
105.3482952, 0, 0, 1
105.3483266, 0, 1, 1
105.3502948, 0, 0, 1
105.3503261, 0, 1, 1
105.3522954, 0, 0, 1
105.3523268, 0, 1, 1
105.3542952, 0, 0, 1
105.3543266, 0, 1, 1
105.3562960, 0, 0, 1
105.3563273, 0, 1, 1
105.3582958, 0, 0, 1
105.3583272, 0, 1, 1
105.3602956, 0, 0, 1
105.3603270, 0, 1, 1
105.3622964, 0, 0, 1
105.3623277, 0, 1, 1
105.3642958, 0, 0, 1
105.3643271, 0, 1, 1
105.3662964, 0, 0, 1
105.3663278, 0, 1, 1
105.3682967, 0, 0, 1
105.3683281, 0, 1, 1
105.3702961, 0, 0, 1
105.3703274, 0, 1, 1
105.3722967, 0, 0, 1
105.3723280, 0, 1, 1
105.3742965, 0, 0, 1
105.3743279, 0, 1, 1
105.3762972, 0, 0, 1
105.3763286, 0, 1, 1
105.3782971, 0, 0, 1
105.3783284, 0, 1, 1
105.3802969, 0, 0, 1
105.3803282, 0, 1, 1
105.3822976, 0, 0, 1
105.3823290, 0, 1, 1
105.3842974, 0, 0, 1
105.3843288, 0, 1, 1
105.3851847, 0, 0, 1
105.3871701, 0, 1, 1
105.3881832, 0, 0, 1
105.3893658, 0, 1, 1
105.3912974, 0, 0, 1
105.3913287, 0, 1, 1
105.3932980, 0, 0, 1
105.3933293, 0, 1, 1
105.3952978, 0, 0, 1
105.3953291, 0, 1, 1
105.3972985, 0, 0, 1
105.3973299, 0, 1, 1
105.3992984, 0, 0, 1
105.3993297, 0, 1, 1
105.4012982, 0, 0, 1
105.4013295, 0, 1, 1
105.4032989, 0, 0, 1
105.4033303, 0, 1, 1
105.4052987, 0, 0, 1
105.4053301, 0, 1, 1
105.4072992, 0, 0, 1
105.4073305, 0, 1, 1
105.4092990, 0, 0, 1
105.4093303, 0, 1, 1
105.4112993, 0, 0, 1
105.4113306, 0, 1, 1
105.4132988, 0, 0, 1
105.4133302, 0, 1, 1
105.4152995, 0, 0, 1
105.4153308, 0, 1, 1
105.4172993, 0, 0, 1
105.4173307, 0, 1, 1
105.4192991, 0, 0, 1
105.4193305, 0, 1, 1
105.4212999, 0, 0, 1
105.4213312, 0, 1, 1
105.4232997, 0, 0, 1
105.4233310, 0, 1, 1
105.4252995, 0, 0, 1
105.4253308, 0, 1, 1
105.4273002, 0, 0, 1
105.4273316, 0, 1, 1
105.4293000, 0, 0, 1
105.4293313, 0, 1, 1
105.4313005, 0, 0, 1
105.4313318, 0, 1, 1
105.4333008, 0, 0, 1
105.4333321, 0, 1, 1
105.4353005, 0, 0, 1
105.4353318, 0, 1, 1
105.4373003, 0, 0, 1
105.4373316, 0, 1, 1
105.4393010, 0, 0, 1
105.4393324, 0, 1, 1
105.4413009, 0, 0, 1
105.4413322, 0, 1, 1
105.4433007, 0, 0, 1
105.4433320, 0, 1, 1
105.4453014, 0, 0, 1
105.4453328, 0, 1, 1
105.4473012, 0, 0, 1
105.4473326, 0, 1, 1
105.4493017, 0, 0, 1
105.4493330, 0, 1, 1
105.4513015, 0, 0, 1
105.4513328, 0, 1, 1
105.4533018, 0, 0, 1
105.4533331, 0, 1, 1
105.4553022, 0, 0, 1
105.4553336, 0, 1, 1
105.4573020, 0, 0, 1
105.4573333, 0, 1, 1
105.4593018, 0, 0, 1
105.4593332, 0, 1, 1
105.4613025, 0, 0, 1
105.4613339, 0, 1, 1
105.4633024, 0, 0, 1
105.4633337, 0, 1, 1
105.4653027, 0, 0, 1
105.4653340, 0, 1, 1
105.4673025, 0, 0, 1
105.4673338, 0, 1, 1
105.4693023, 0, 0, 1
105.4693337, 0, 1, 1
105.4713030, 0, 0, 1
105.4713343, 0, 1, 1
105.4733033, 0, 0, 1
105.4733346, 0, 1, 1
105.4753026, 0, 0, 1
105.4753340, 0, 1, 1
105.4773032, 0, 0, 1
105.4773346, 0, 1, 1
105.4793031, 0, 0, 1
105.4793344, 0, 1, 1
105.4813038, 0, 0, 1
105.4813352, 0, 1, 1
105.4833036, 0, 0, 1
105.4833350, 0, 1, 1
105.4853034, 0, 0, 1
105.4853348, 0, 1, 1
105.4873042, 0, 0, 1
105.4873355, 0, 1, 1
105.4881905, 0, 0, 1
105.4901769, 0, 1, 1
105.4911890, 0, 0, 1
105.4923720, 0, 1, 1
105.4943046, 0, 0, 1
105.4943359, 0, 1, 1
105.4963048, 0, 0, 1
105.4963362, 0, 1, 1
105.4983045, 0, 0, 1
105.4983359, 0, 1, 1
105.5003044, 0, 0, 1
105.5003357, 0, 1, 1
105.5023051, 0, 0, 1
105.5023364, 0, 1, 1
105.5043049, 0, 0, 1
105.5043363, 0, 1, 1
105.5063047, 0, 0, 1
105.5063361, 0, 1, 1
105.5083055, 0, 0, 1
105.5083368, 0, 1, 1
105.5103053, 0, 0, 1
105.5103366, 0, 1, 1
105.5123057, 0, 0, 1
105.5123371, 0, 1, 1
105.5143055, 0, 0, 1
105.5143369, 0, 1, 1
105.5163058, 0, 0, 1
105.5163372, 0, 1, 1
105.5183054, 0, 0, 1
105.5183367, 0, 1, 1
105.5203060, 0, 0, 1
105.5203374, 0, 1, 1
105.5223059, 0, 0, 1
105.5223372, 0, 1, 1
105.5243066, 0, 0, 1
105.5243380, 0, 1, 1
105.5263064, 0, 0, 1
105.5263378, 0, 1, 1
105.5283062, 0, 0, 1
105.5283376, 0, 1, 1
105.5303070, 0, 0, 1
105.5303383, 0, 1, 1
105.5323068, 0, 0, 1
105.5323382, 0, 1, 1
105.5343065, 0, 0, 1
105.5343379, 0, 1, 1
105.5363068, 0, 0, 1
105.5363382, 0, 1, 1
105.5383073, 0, 0, 1
105.5383387, 0, 1, 1
105.5403070, 0, 0, 1
105.5403384, 0, 1, 1
105.5423069, 0, 0, 1
105.5423382, 0, 1, 1
105.5443076, 0, 0, 1
105.5443389, 0, 1, 1
105.5463074, 0, 0, 1
105.5463388, 0, 1, 1
105.5483072, 0, 0, 1
105.5483386, 0, 1, 1
105.5503080, 0, 0, 1
105.5503393, 0, 1, 1
105.5523078, 0, 0, 1
105.5523391, 0, 1, 1
105.5543082, 0, 0, 1
105.5543396, 0, 1, 1
105.5563080, 0, 0, 1
105.5563394, 0, 1, 1
105.5583083, 0, 0, 1
105.5583397, 0, 1, 1
105.5603088, 0, 0, 1
105.5603402, 0, 1, 1
105.5623085, 0, 0, 1
105.5623399, 0, 1, 1
105.5643083, 0, 0, 1
105.5643397, 0, 1, 1
105.5663091, 0, 0, 1
105.5663404, 0, 1, 1
105.5683089, 0, 0, 1
105.5683402, 0, 1, 1
105.5703087, 0, 0, 1
105.5703401, 0, 1, 1
105.5723094, 0, 0, 1
105.5723408, 0, 1, 1
105.5743093, 0, 0, 1
105.5743406, 0, 1, 1
105.5763090, 0, 0, 1
105.5763404, 0, 1, 1
105.5783093, 0, 0, 1
105.5783406, 0, 1, 1
105.5803096, 0, 0, 1
105.5803409, 0, 1, 1
105.5823102, 0, 0, 1
105.5823415, 0, 1, 1
105.5843100, 0, 0, 1
105.5843414, 0, 1, 1
105.5863098, 0, 0, 1
105.5863412, 0, 1, 1
105.5883106, 0, 0, 1
105.5883419, 0, 1, 1
105.5903104, 0, 0, 1
105.5903417, 0, 1, 1
105.5911976, 0, 0, 1
105.5931831, 0, 1, 1
105.5941955, 0, 0, 1
105.5953793, 0, 1, 1
105.5973112, 0, 0, 1
105.5973426, 0, 1, 1
105.5993106, 0, 0, 1
105.5993419, 0, 1, 1
105.6013109, 0, 0, 1
105.6013422, 0, 1, 1
105.6033115, 0, 0, 1
105.6033428, 0, 1, 1
105.6053113, 0, 0, 1
105.6053426, 0, 1, 1
105.6073111, 0, 0, 1
105.6073425, 0, 1, 1
105.6093119, 0, 0, 1
105.6093432, 0, 1, 1
105.6113117, 0, 0, 1
105.6113430, 0, 1, 1
105.6133115, 0, 0, 1
105.6133428, 0, 1, 1
105.6153122, 0, 0, 1
105.6153436, 0, 1, 1
105.6173118, 0, 0, 1
105.6173431, 0, 1, 1
105.6193125, 0, 0, 1
105.6193438, 0, 1, 1
105.6213119, 0, 0, 1
105.6213432, 0, 1, 1
105.6233123, 0, 0, 1
105.6233437, 0, 1, 1
105.6253130, 0, 0, 1
105.6253443, 0, 1, 1
105.6273128, 0, 0, 1
105.6273442, 0, 1, 1
105.6293126, 0, 0, 1
105.6293440, 0, 1, 1
105.6313134, 0, 0, 1
105.6313447, 0, 1, 1
105.6333132, 0, 0, 1
105.6333445, 0, 1, 1
105.6353130, 0, 0, 1
105.6353444, 0, 1, 1
105.6373137, 0, 0, 1
105.6373451, 0, 1, 1
105.6393134, 0, 0, 1
105.6393448, 0, 1, 1
105.6413136, 0, 0, 1
105.6413449, 0, 1, 1
105.6433137, 0, 0, 1
105.6433451, 0, 1, 1
105.6453144, 0, 0, 1
105.6453458, 0, 1, 1
105.6473141, 0, 0, 1
105.6473454, 0, 1, 1
105.6493137, 0, 0, 1
105.6493451, 0, 1, 1
105.6513143, 0, 0, 1
105.6513457, 0, 1, 1
105.6533140, 0, 0, 1
105.6533453, 0, 1, 1
105.6553146, 0, 0, 1
105.6553459, 0, 1, 1
105.6573142, 0, 0, 1
105.6573456, 0, 1, 1
105.6593148, 0, 0, 1
105.6593462, 0, 1, 1
105.6613145, 0, 0, 1
105.6613458, 0, 1, 1
105.6633151, 0, 0, 1
105.6633464, 0, 1, 1
105.6653152, 0, 0, 1
105.6653466, 0, 1, 1
105.6673149, 0, 0, 1
105.6673463, 0, 1, 1
105.6693155, 0, 0, 1
105.6693468, 0, 1, 1
105.6713152, 0, 0, 1
105.6713465, 0, 1, 1
105.6733158, 0, 0, 1
105.6733471, 0, 1, 1
105.6753154, 0, 0, 1
105.6753468, 0, 1, 1
105.6773160, 0, 0, 1
105.6773474, 0, 1, 1
105.6793157, 0, 0, 1
105.6793470, 0, 1, 1
105.6813163, 0, 0, 1
105.6813476, 0, 1, 1
105.6833159, 0, 0, 1
105.6833473, 0, 1, 1
105.6853165, 0, 0, 1
105.6853479, 0, 1, 1
105.6873162, 0, 0, 1
105.6873475, 0, 1, 1
105.6893168, 0, 0, 1
105.6893481, 0, 1, 1
105.6913164, 0, 0, 1
105.6913478, 0, 1, 1
105.6933170, 0, 0, 1
105.6933484, 0, 1, 1
105.6942042, 0, 0, 1
105.6961895, 0, 1, 1
105.6972028, 0, 0, 1
105.6983855, 0, 1, 1
105.7003174, 0, 0, 1
105.7003487, 0, 1, 1
105.7023170, 0, 0, 1
105.7023484, 0, 1, 1
105.7043176, 0, 0, 1
105.7043490, 0, 1, 1
105.7063173, 0, 0, 1
105.7063486, 0, 1, 1
105.7083179, 0, 0, 1
105.7083492, 0, 1, 1
105.7103176, 0, 0, 1
105.7103489, 0, 1, 1
105.7123181, 0, 0, 1
105.7123495, 0, 1, 1
105.7143178, 0, 0, 1
105.7143492, 0, 1, 1
105.7163184, 0, 0, 1
105.7163497, 0, 1, 1
105.7183428, 0, 0, 1
105.7183742, 0, 1, 1
105.7203185, 0, 0, 1
105.7203498, 0, 1, 1
105.7223185, 0, 0, 1
105.7223499, 0, 1, 1
105.7243186, 0, 0, 1
105.7243499, 0, 1, 1
105.7263186, 0, 0, 1
105.7263500, 0, 1, 1
105.7283187, 0, 0, 1
105.7283500, 0, 1, 1
105.7303196, 0, 0, 1
105.7303510, 0, 1, 1
105.7323197, 0, 0, 1
105.7323510, 0, 1, 1
105.7343197, 0, 0, 1
105.7343511, 0, 1, 1
105.7363198, 0, 0, 1
105.7363511, 0, 1, 1
105.7383198, 0, 0, 1
105.7383512, 0, 1, 1
105.7403202, 0, 0, 1
105.7403516, 0, 1, 1
105.7423197, 0, 0, 1
105.7423510, 0, 1, 1
105.7443203, 0, 0, 1
105.7443516, 0, 1, 1
105.7463202, 0, 0, 1
105.7463516, 0, 1, 1
105.7483202, 0, 0, 1
105.7483516, 0, 1, 1
105.7503202, 0, 0, 1
105.7503516, 0, 1, 1
105.7523205, 0, 0, 1
105.7523518, 0, 1, 1
105.7543205, 0, 0, 1
105.7543518, 0, 1, 1
105.7563205, 0, 0, 1
105.7563518, 0, 1, 1
105.7583205, 0, 0, 1
105.7583519, 0, 1, 1
105.7603214, 0, 0, 1
105.7603528, 0, 1, 1
105.7623215, 0, 0, 1
105.7623528, 0, 1, 1
105.7643210, 0, 0, 1
105.7643524, 0, 1, 1
105.7663211, 0, 0, 1
105.7663524, 0, 1, 1
105.7683220, 0, 0, 1
105.7683533, 0, 1, 1
105.7703220, 0, 0, 1
105.7703533, 0, 1, 1
105.7723220, 0, 0, 1
105.7723534, 0, 1, 1
105.7743220, 0, 0, 1
105.7743534, 0, 1, 1
105.7763220, 0, 0, 1
105.7763534, 0, 1, 1
105.7783220, 0, 0, 1
105.7783534, 0, 1, 1
105.7803221, 0, 0, 1
105.7803534, 0, 1, 1
105.7823221, 0, 0, 1
105.7823534, 0, 1, 1
105.7843230, 0, 0, 1
105.7843543, 0, 1, 1
105.7863230, 0, 0, 1
105.7863544, 0, 1, 1
105.7883230, 0, 0, 1
105.7883544, 0, 1, 1
105.7903230, 0, 0, 1
105.7903544, 0, 1, 1
105.7923230, 0, 0, 1
105.7923544, 0, 1, 1
105.7943231, 0, 0, 1
105.7943544, 0, 1, 1
105.7963231, 0, 0, 1
105.7963544, 0, 1, 1
105.7972107, 0, 0, 1
105.7991958, 0, 1, 1
105.8002089, 0, 0, 1
105.8013915, 0, 1, 1
105.8033241, 0, 0, 1
105.8033555, 0, 1, 1
105.8053241, 0, 0, 1
105.8053555, 0, 1, 1
105.8073241, 0, 0, 1
105.8073555, 0, 1, 1
105.8093242, 0, 0, 1
105.8093555, 0, 1, 1
105.8113242, 0, 0, 1
105.8113555, 0, 1, 1
105.8133242, 0, 0, 1
105.8133555, 0, 1, 1
105.8153242, 0, 0, 1
105.8153555, 0, 1, 1
105.8173251, 0, 0, 1
105.8173565, 0, 1, 1
105.8193251, 0, 0, 1
105.8193565, 0, 1, 1
105.8213251, 0, 0, 1
105.8213565, 0, 1, 1
105.8233252, 0, 0, 1
105.8233565, 0, 1, 1
105.8253252, 0, 0, 1
105.8253565, 0, 1, 1
105.8273252, 0, 0, 1
105.8273565, 0, 1, 1
105.8293252, 0, 0, 1
105.8293565, 0, 1, 1
105.8313252, 0, 0, 1
105.8313566, 0, 1, 1
105.8333261, 0, 0, 1
105.8333575, 0, 1, 1
105.8353261, 0, 0, 1
105.8353575, 0, 1, 1
105.8373262, 0, 0, 1
105.8373575, 0, 1, 1
105.8393262, 0, 0, 1
105.8393575, 0, 1, 1
105.8413262, 0, 0, 1
105.8413575, 0, 1, 1
105.8433262, 0, 0, 1
105.8433575, 0, 1, 1
105.8453262, 0, 0, 1
105.8453576, 0, 1, 1
105.8473262, 0, 0, 1
105.8473576, 0, 1, 1
105.8493271, 0, 0, 1
105.8493585, 0, 1, 1
105.8513272, 0, 0, 1
105.8513585, 0, 1, 1
105.8533272, 0, 0, 1
105.8533585, 0, 1, 1
105.8553272, 0, 0, 1
105.8553585, 0, 1, 1
105.8573272, 0, 0, 1
105.8573585, 0, 1, 1
105.8593274, 0, 0, 1
105.8593588, 0, 1, 1
105.8613274, 0, 0, 1
105.8613588, 0, 1, 1
105.8633275, 0, 0, 1
105.8633588, 0, 1, 1
105.8653280, 0, 0, 1
105.8653593, 0, 1, 1
105.8673280, 0, 0, 1
105.8673593, 0, 1, 1
105.8693280, 0, 0, 1
105.8693593, 0, 1, 1
105.8713280, 0, 0, 1
105.8713593, 0, 1, 1
105.8733280, 0, 0, 1
105.8733594, 0, 1, 1
105.8753280, 0, 0, 1
105.8753594, 0, 1, 1
105.8773280, 0, 0, 1
105.8773594, 0, 1, 1
105.8793290, 0, 0, 1
105.8793603, 0, 1, 1
105.8813290, 0, 0, 1
105.8813603, 0, 1, 1
105.8833290, 0, 0, 1
105.8833603, 0, 1, 1
105.8853290, 0, 0, 1
105.8853603, 0, 1, 1
105.8873290, 0, 0, 1
105.8873604, 0, 1, 1
105.8893290, 0, 0, 1
105.8893604, 0, 1, 1
105.8913290, 0, 0, 1
105.8913604, 0, 1, 1
105.8933290, 0, 0, 1
105.8933604, 0, 1, 1
105.8953300, 0, 0, 1
105.8953613, 0, 1, 1
105.8973300, 0, 0, 1
105.8973613, 0, 1, 1
105.8993300, 0, 0, 1
105.8993613, 0, 1, 1
105.9002167, 0, 0, 1
105.9022027, 0, 1, 1
105.9032159, 0, 0, 1
105.9043985, 0, 1, 1
105.9063301, 0, 0, 1
105.9063615, 0, 1, 1
105.9083301, 0, 0, 1
105.9083615, 0, 1, 1
105.9103302, 0, 0, 1
105.9103615, 0, 1, 1
105.9123311, 0, 0, 1
105.9123624, 0, 1, 1
105.9143311, 0, 0, 1
105.9143625, 0, 1, 1
105.9163311, 0, 0, 1
105.9163625, 0, 1, 1
105.9183311, 0, 0, 1
105.9183625, 0, 1, 1
105.9203311, 0, 0, 1
105.9203625, 0, 1, 1
105.9223311, 0, 0, 1
105.9223625, 0, 1, 1
105.9243312, 0, 0, 1
105.9243625, 0, 1, 1
105.9263312, 0, 0, 1
105.9263625, 0, 1, 1
105.9283321, 0, 0, 1
105.9283635, 0, 1, 1
105.9303321, 0, 0, 1
105.9303635, 0, 1, 1
105.9323321, 0, 0, 1
105.9323635, 0, 1, 1
105.9343321, 0, 0, 1
105.9343635, 0, 1, 1
105.9363321, 0, 0, 1
105.9363635, 0, 1, 1
105.9383322, 0, 0, 1
105.9383635, 0, 1, 1
105.9403321, 0, 0, 1
105.9403635, 0, 1, 1
105.9423324, 0, 0, 1
105.9423638, 0, 1, 1
105.9443327, 0, 0, 1
105.9443640, 0, 1, 1
105.9463324, 0, 0, 1
105.9463637, 0, 1, 1
105.9483331, 0, 0, 1
105.9483645, 0, 1, 1
105.9503330, 0, 0, 1
105.9503643, 0, 1, 1
105.9523328, 0, 0, 1
105.9523641, 0, 1, 1
105.9543335, 0, 0, 1
105.9543649, 0, 1, 1
105.9563333, 0, 0, 1
105.9563647, 0, 1, 1
105.9583332, 0, 0, 1
105.9583645, 0, 1, 1
105.9603336, 0, 0, 1
105.9603649, 0, 1, 1
105.9623334, 0, 0, 1
105.9623648, 0, 1, 1
105.9643342, 0, 0, 1
105.9643655, 0, 1, 1
105.9663340, 0, 0, 1
105.9663653, 0, 1, 1
105.9683346, 0, 0, 1
105.9683660, 0, 1, 1
105.9703344, 0, 0, 1
105.9703658, 0, 1, 1
105.9723343, 0, 0, 1
105.9723656, 0, 1, 1
105.9743350, 0, 0, 1
105.9743664, 0, 1, 1
105.9763348, 0, 0, 1
105.9763662, 0, 1, 1
105.9783346, 0, 0, 1
105.9783660, 0, 1, 1
105.9803354, 0, 0, 1
105.9803667, 0, 1, 1
105.9823351, 0, 0, 1
105.9823665, 0, 1, 1
105.9843354, 0, 0, 1
105.9843668, 0, 1, 1
105.9863357, 0, 0, 1
105.9863670, 0, 1, 1
105.9883354, 0, 0, 1
105.9883667, 0, 1, 1
105.9903352, 0, 0, 1
105.9903666, 0, 1, 1
105.9923360, 0, 0, 1
105.9923673, 0, 1, 1
105.9943358, 0, 0, 1
105.9943671, 0, 1, 1
105.9963356, 0, 0, 1
105.9963669, 0, 1, 1
105.9983363, 0, 0, 1
105.9983677, 0, 1, 1
106.0003362, 0, 0, 1
106.0003675, 0, 1, 1
106.0023366, 0, 0, 1
106.0023679, 0, 1, 1
106.0032231, 0, 0, 1
106.0052091, 0, 1, 1
106.0062222, 0, 0, 1
106.0074048, 0, 1, 1
106.0093367, 0, 0, 1
106.0093680, 0, 1, 1
106.0113365, 0, 0, 1
106.0113679, 0, 1, 1
106.0133372, 0, 0, 1
106.0133686, 0, 1, 1
106.0153371, 0, 0, 1
106.0153684, 0, 1, 1
106.0173369, 0, 0, 1
106.0173682, 0, 1, 1
106.0193376, 0, 0, 1
106.0193690, 0, 1, 1
106.0213374, 0, 0, 1
106.0213688, 0, 1, 1
106.0233379, 0, 0, 1
106.0233692, 0, 1, 1
106.0253377, 0, 0, 1
106.0253690, 0, 1, 1
106.0273380, 0, 0, 1
106.0273693, 0, 1, 1
106.0293384, 0, 0, 1
106.0293698, 0, 1, 1
106.0313382, 0, 0, 1
106.0313695, 0, 1, 1
106.0333380, 0, 0, 1
106.0333694, 0, 1, 1
106.0353388, 0, 0, 1
106.0353701, 0, 1, 1
106.0373386, 0, 0, 1
106.0373699, 0, 1, 1
106.0393384, 0, 0, 1
106.0393697, 0, 1, 1
106.0413391, 0, 0, 1
106.0413705, 0, 1, 1
106.0433389, 0, 0, 1
106.0433703, 0, 1, 1
106.0453387, 0, 0, 1
106.0453700, 0, 1, 1
106.0473390, 0, 0, 1
106.0473703, 0, 1, 1
106.0493393, 0, 0, 1
106.0493706, 0, 1, 1
106.0513399, 0, 0, 1
106.0513712, 0, 1, 1
106.0533397, 0, 0, 1
106.0533710, 0, 1, 1
106.0553395, 0, 0, 1
106.0553709, 0, 1, 1
106.0573403, 0, 0, 1
106.0573716, 0, 1, 1
106.0593401, 0, 0, 1
106.0593714, 0, 1, 1
106.0613399, 0, 0, 1
106.0613712, 0, 1, 1
106.0633406, 0, 0, 1
106.0633720, 0, 1, 1
106.0653406, 0, 0, 1
106.0653720, 0, 1, 1
106.0673405, 0, 0, 1
106.0673718, 0, 1, 1
106.0693407, 0, 0, 1
106.0693721, 0, 1, 1
106.0713403, 0, 0, 1
106.0713716, 0, 1, 1
106.0733412, 0, 0, 1
106.0733725, 0, 1, 1
106.0753410, 0, 0, 1
106.0753724, 0, 1, 1
106.0773408, 0, 0, 1
106.0773722, 0, 1, 1
106.0793416, 0, 0, 1
106.0793729, 0, 1, 1
106.0813414, 0, 0, 1
106.0813727, 0, 1, 1
106.0833412, 0, 0, 1
106.0833726, 0, 1, 1
106.0853419, 0, 0, 1
106.0853733, 0, 1, 1
106.0873417, 0, 0, 1
106.0873730, 0, 1, 1
106.0893420, 0, 0, 1
106.0893733, 0, 1, 1
106.0913423, 0, 0, 1
106.0913736, 0, 1, 1
106.0933420, 0, 0, 1
106.0933733, 0, 1, 1
106.0953427, 0, 0, 1
106.0953740, 0, 1, 1
106.0973425, 0, 0, 1
106.0973739, 0, 1, 1
106.0993423, 0, 0, 1
106.0993737, 0, 1, 1
106.1013431, 0, 0, 1
106.1013744, 0, 1, 1
106.1033429, 0, 0, 1
106.1033742, 0, 1, 1
106.1053427, 0, 0, 1
106.1053741, 0, 1, 1
106.1062299, 0, 0, 1
106.1082154, 0, 1, 1
106.1092285, 0, 0, 1
106.1104110, 0, 1, 1
106.1123435, 0, 0, 1
106.1123749, 0, 1, 1
106.1143432, 0, 0, 1
106.1143746, 0, 1, 1
106.1163440, 0, 0, 1
106.1163753, 0, 1, 1
106.1183686, 0, 0, 1
106.1183999, 0, 1, 1
106.1203435, 0, 0, 1
106.1203748, 0, 1, 1
106.1223442, 0, 0, 1
106.1223756, 0, 1, 1
106.1243440, 0, 0, 1
106.1243754, 0, 1, 1
106.1263438, 0, 0, 1
106.1263752, 0, 1, 1
106.1283443, 0, 0, 1
106.1283756, 0, 1, 1
106.1303441, 0, 0, 1
106.1303755, 0, 1, 1
106.1323444, 0, 0, 1
106.1323757, 0, 1, 1
106.1343449, 0, 0, 1
106.1343762, 0, 1, 1
106.1363446, 0, 0, 1
106.1363759, 0, 1, 1
106.1383453, 0, 0, 1
106.1383767, 0, 1, 1
106.1403452, 0, 0, 1
106.1403765, 0, 1, 1
106.1423450, 0, 0, 1
106.1423763, 0, 1, 1
106.1443457, 0, 0, 1
106.1443771, 0, 1, 1
106.1463455, 0, 0, 1
106.1463769, 0, 1, 1
106.1483454, 0, 0, 1
106.1483767, 0, 1, 1
106.1503460, 0, 0, 1
106.1503774, 0, 1, 1
106.1523463, 0, 0, 1
106.1523776, 0, 1, 1
106.1543457, 0, 0, 1
106.1543770, 0, 1, 1
106.1563463, 0, 0, 1
106.1563776, 0, 1, 1
106.1583461, 0, 0, 1
106.1583775, 0, 1, 1
106.1603459, 0, 0, 1
106.1603773, 0, 1, 1
106.1623467, 0, 0, 1
106.1623780, 0, 1, 1
106.1643470, 0, 0, 1
106.1643783, 0, 1, 1
106.1663468, 0, 0, 1
106.1663781, 0, 1, 1
106.1683466, 0, 0, 1
106.1683780, 0, 1, 1
106.1703471, 0, 0, 1
106.1703784, 0, 1, 1
106.1723469, 0, 0, 1
106.1723782, 0, 1, 1
106.1743472, 0, 0, 1
106.1743785, 0, 1, 1
106.1763476, 0, 0, 1
106.1763790, 0, 1, 1
106.1783474, 0, 0, 1
106.1783787, 0, 1, 1
106.1803474, 0, 0, 1
106.1803788, 0, 1, 1
106.1823482, 0, 0, 1
106.1823795, 0, 1, 1
106.1843480, 0, 0, 1
106.1843793, 0, 1, 1
106.1863478, 0, 0, 1
106.1863791, 0, 1, 1
106.1883485, 0, 0, 1
106.1883799, 0, 1, 1
106.1903484, 0, 0, 1
106.1903797, 0, 1, 1
106.1923481, 0, 0, 1
106.1923794, 0, 1, 1
106.1943484, 0, 0, 1
106.1943797, 0, 1, 1
106.1963487, 0, 0, 1
106.1963800, 0, 1, 1
106.1983484, 0, 0, 1
106.1983797, 0, 1, 1
106.2003491, 0, 0, 1
106.2003805, 0, 1, 1
106.2023489, 0, 0, 1
106.2023803, 0, 1, 1
106.2043487, 0, 0, 1
106.2043801, 0, 1, 1
106.2063495, 0, 0, 1
106.2063808, 0, 1, 1
106.2083493, 0, 0, 1
106.2083806, 0, 1, 1
106.2092365, 0, 0, 1
106.2112220, 0, 1, 1
106.2122350, 0, 0, 1
106.2134181, 0, 1, 1
106.2153497, 0, 0, 1
106.2153810, 0, 1, 1
106.2173499, 0, 0, 1
106.2173813, 0, 1, 1
106.2193496, 0, 0, 1
106.2193810, 0, 1, 1
106.2213504, 0, 0, 1
106.2213817, 0, 1, 1
106.2233502, 0, 0, 1
106.2233816, 0, 1, 1
106.2253500, 0, 0, 1
106.2253814, 0, 1, 1
106.2273508, 0, 0, 1
106.2273821, 0, 1, 1
106.2293506, 0, 0, 1
106.2293819, 0, 1, 1
106.2313504, 0, 0, 1
106.2313818, 0, 1, 1
106.2333508, 0, 0, 1
106.2333822, 0, 1, 1
106.2353507, 0, 0, 1
106.2353820, 0, 1, 1
106.2373509, 0, 0, 1
106.2373823, 0, 1, 1
106.2393514, 0, 0, 1
106.2393828, 0, 1, 1
106.2413512, 0, 0, 1
106.2413825, 0, 1, 1
106.2433519, 0, 0, 1
106.2433832, 0, 1, 1
106.2453517, 0, 0, 1
106.2453831, 0, 1, 1
110.9386567, 1, 1, 1
110.9386592, 1, 0, 1
111.2401639, 1, 0, 0
111.2401788, 0, 0, 0
111.2401894, 1, 0, 0
111.2401947, 1, 0, 1
111.3699944, 0, 0, 1
111.3700841, 0, 1, 1
111.3700953, 0, 1, 0
111.3701052, 0, 1, 1
114.8705561, 0, 1, 0
115.0702940, 0, 1, 1
115.2702220, 0, 1, 0
115.4702910, 0, 1, 1
115.4702914, 0, 1, 0
115.4702915, 0, 1, 1
115.4702927, 0, 1, 0
115.4702928, 0, 1, 1
115.6702191, 0, 1, 0
115.8702889, 0, 1, 1
116.5705172, 1, 1, 1
116.7702109, 0, 1, 1
116.9702094, 1, 1, 1
117.1702079, 0, 1, 1
117.3702065, 1, 1, 1
117.5702050, 0, 1, 1
118.2705003, 0, 0, 1
118.4701984, 0, 1, 1
118.6701969, 0, 0, 1
118.8701954, 0, 1, 1
119.0701940, 0, 0, 1
119.2701925, 0, 1, 1
119.9707079, 0, 1, 0
119.9707081, 1, 1, 0
119.9707090, 1, 0, 0
120.1701861, 0, 0, 0
120.1701864, 0, 1, 0
120.1702568, 0, 1, 1
120.1702570, 0, 1, 0
120.1702571, 0, 1, 1
120.3701851, 0, 1, 0
120.3701853, 1, 1, 0
120.3701856, 1, 0, 0
120.5701832, 0, 0, 0
120.5701834, 0, 1, 0
120.5702535, 0, 1, 1
120.7701816, 0, 1, 0
120.7701817, 1, 1, 0
120.7701820, 1, 0, 0
120.9701802, 0, 0, 0
120.9701805, 0, 1, 0
120.9702513, 0, 1, 1
120.9702514, 0, 1, 0
120.9702516, 0, 1, 1
121.2712791, 0, 1, 0
121.2713904, 1, 1, 0
121.2714015, 0, 1, 0
121.2714125, 1, 1, 0
121.2714230, 0, 1, 0
121.2715937, 0, 1, 1
121.2715938, 0, 1, 0
121.2715940, 0, 1, 1
121.3721884, 0, 0, 1
121.3721994, 1, 0, 1
121.3722098, 0, 0, 1
121.3722205, 0, 1, 1
121.3722308, 1, 1, 1
121.3722411, 0, 1, 1
121.3722622, 1, 1, 1
121.3722725, 0, 1, 1
121.3722832, 0, 0, 1
121.3722936, 1, 0, 1
121.3723039, 0, 0, 1
121.3723146, 0, 1, 1
121.3723249, 1, 1, 1
121.3723353, 0, 1, 1
121.3723460, 0, 0, 1
121.3723563, 1, 0, 1
121.3723667, 0, 0, 1
121.3723877, 1, 0, 1
121.3723981, 0, 0, 1
121.3724191, 1, 0, 1
121.3724295, 0, 0, 1
121.3724558, 0, 1, 1
124.3760346, 0, 1, 0
124.3769038, 1, 1, 0
124.3769541, 0, 1, 0
124.3770045, 1, 1, 0
124.3770548, 0, 1, 0
124.3771051, 1, 1, 0
124.3771555, 0, 1, 0
124.3772058, 1, 1, 0
124.3772562, 0, 1, 0
124.3776959, 0, 0, 0
124.3777507, 0, 1, 0
124.3778011, 0, 0, 0
124.3778514, 0, 1, 0
124.3779018, 0, 0, 0
124.3779521, 0, 1, 0
124.3780024, 0, 0, 0
124.3780528, 0, 1, 0
124.3790499, 0, 1, 1
126.3801825, 0, 1, 0
126.3806593, 1, 1, 0
126.3806697, 0, 1, 0
126.3806808, 1, 1, 0
126.3806918, 0, 1, 0
126.3811524, 0, 1, 1
126.3811527, 0, 1, 0
126.3811528, 0, 1, 1
126.3820206, 0, 0, 1
126.3820310, 1, 0, 1
126.3820413, 0, 0, 1
126.3820520, 0, 1, 1
126.3820623, 1, 1, 1
126.3820727, 0, 1, 1
126.3820937, 1, 1, 1
126.3821040, 0, 1, 1
126.3821147, 0, 0, 1
126.3821251, 1, 0, 1
126.3821386, 0, 0, 1
126.3821493, 0, 1, 1
126.3821596, 1, 1, 1
126.3821699, 0, 1, 1
126.3821807, 0, 0, 1
126.3821910, 1, 0, 1
126.3822013, 0, 0, 1
126.3822224, 1, 0, 1
126.3822327, 0, 0, 1
126.3822538, 1, 0, 1
126.3822641, 0, 0, 1
126.3822787, 0, 1, 1
126.3822791, 1, 1, 1
126.3822896, 0, 1, 1
126.3823001, 1, 1, 1
126.3823105, 0, 1, 1
126.3823210, 1, 1, 1
126.3823314, 0, 1, 1
126.3823419, 1, 1, 1
126.3823523, 0, 1, 1
126.3823628, 1, 1, 1
126.3823733, 0, 1, 1
126.3823837, 1, 1, 1
126.3823942, 0, 1, 1
126.3824046, 1, 1, 1
126.3824151, 0, 1, 1
126.3824255, 1, 1, 1
126.3824360, 0, 1, 1
126.3824488, 1, 1, 1
126.3824593, 0, 1, 1
126.3824697, 1, 1, 1
126.3824802, 0, 1, 1
126.3824906, 1, 1, 1
126.3825011, 0, 1, 1
126.3825115, 1, 1, 1
126.3825220, 0, 1, 1
126.3825325, 1, 1, 1
126.3825429, 0, 1, 1
126.3825534, 1, 1, 1
126.3825638, 0, 1, 1
126.3825743, 1, 1, 1
126.3825848, 0, 1, 1
126.3825952, 1, 1, 1
126.3826057, 0, 1, 1
134.5316643, 0, 1, 0
134.5316796, 0, 1, 1
134.5316895, 0, 1, 0
134.5317104, 0, 1, 1
134.5317107, 0, 1, 0
134.5317456, 0, 1, 1
134.5317461, 0, 1, 0
134.5331286, 0, 1, 1
134.5331287, 0, 1, 0
134.5331399, 0, 1, 1
134.5331402, 0, 1, 0
134.5331431, 0, 1, 1
134.5331460, 0, 1, 0
134.5331585, 0, 1, 1
134.5331640, 0, 1, 0
134.5331689, 0, 1, 1
134.5331693, 0, 1, 0
134.5331970, 0, 1, 1
134.5331971, 0, 1, 0
134.5332046, 0, 1, 1
134.5332055, 0, 1, 0
134.5332315, 0, 1, 1
134.5332318, 0, 1, 0
134.5332510, 0, 1, 1
134.5332512, 0, 1, 0
134.5332577, 0, 1, 1
134.5332578, 0, 1, 0
134.5332636, 0, 1, 1
134.5332725, 0, 1, 0
134.5332915, 0, 1, 1
134.5332919, 0, 1, 0
134.5345909, 0, 1, 1
134.5512104, 0, 1, 0
134.5522544, 0, 1, 1
134.5522545, 0, 1, 0
134.5522572, 0, 1, 1
134.5522575, 0, 1, 0
134.5522598, 0, 1, 1
134.5538390, 0, 1, 0
134.5538447, 0, 1, 1
134.5538464, 0, 1, 0
134.5567234, 0, 1, 1
