Time[s], Channel 0, Channel 1
0.000000, 1, 1
2.425986, 0, 1
2.426012, 1, 1
2.426038, 0, 1
2.426221, 1, 1
2.426247, 0, 1
2.426273, 1, 1
2.426299, 0, 1
2.426325, 1, 1
2.426351, 0, 1
2.426481, 1, 1
2.426507, 0, 1
2.426638, 1, 1
2.426690, 0, 1
2.426742, 1, 1
2.426768, 0, 1
2.427002, 1, 1
2.427029, 0, 1
2.427055, 1, 1
2.427107, 0, 1
2.427263, 1, 1
2.427289, 0, 1
2.427393, 1, 1
2.427471, 0, 1
2.427524, 1, 1
2.473130, 1, 0
2.473156, 1, 1
2.473182, 1, 0
2.473364, 1, 1
2.473390, 1, 0
2.473468, 1, 1
2.473494, 1, 0
2.473624, 1, 1
2.473650, 1, 0
2.473780, 1, 1
2.473832, 1, 0
2.473858, 1, 1
2.473910, 1, 0
2.474144, 1, 1
2.475054, 1, 0
2.475132, 1, 1
2.475158, 1, 0
2.475184, 1, 1
2.475236, 1, 0
2.475262, 1, 1
2.525157, 1, 0
2.525183, 1, 1
2.525209, 1, 0
2.525391, 1, 1
2.525417, 1, 0
2.525443, 1, 1
2.525469, 1, 0
2.525495, 1, 1
2.525521, 1, 0
2.525651, 1, 1
2.525677, 1, 0
2.525807, 1, 1
2.525885, 1, 0
2.525911, 1, 1
2.525937, 1, 0
2.526171, 1, 1
2.526197, 1, 0
2.526223, 1, 1
2.526249, 1, 0
2.526431, 1, 1
2.526457, 1, 0
2.526509, 1, 1
2.526561, 1, 0
2.526587, 1, 1
2.526665, 1, 0
2.526691, 1, 1
2.575883, 1, 0
2.575909, 1, 1
2.575935, 1, 0
2.576117, 1, 1
2.576143, 1, 0
2.576195, 1, 1
2.576221, 1, 0
2.576247, 1, 1
2.576273, 1, 0
2.576377, 1, 1
2.576403, 1, 0
2.576559, 1, 1
2.576585, 1, 0
2.576637, 1, 1
2.576663, 1, 0
2.576897, 1, 1
2.576923, 1, 0
2.576949, 1, 1
2.576975, 1, 0
2.577053, 1, 1
2.577079, 1, 0
2.577157, 1, 1
2.577183, 1, 0
2.577287, 1, 1
2.577313, 1, 0
2.577417, 1, 1
2.577443, 1, 0
2.577469, 1, 1
2.577521, 1, 0
2.577677, 1, 1
2.577703, 1, 0
2.577729, 1, 1
2.577963, 1, 0
2.577989, 1, 1
2.578223, 1, 0
2.578457, 1, 1
2.578483, 1, 0
2.578561, 1, 1
2.578587, 1, 0
2.578665, 1, 1
2.578691, 1, 0
2.578717, 1, 1
2.705017, 0, 1
2.705043, 1, 1
2.705069, 0, 1
2.705252, 1, 1
2.705278, 0, 1
2.705304, 1, 1
2.705330, 0, 1
2.705356, 1, 1
2.705382, 0, 1
2.705512, 1, 1
2.705538, 0, 1
2.705564, 1, 1
2.705590, 0, 1
2.705695, 1, 1
2.705721, 0, 1
2.705773, 1, 1
2.705799, 0, 1
2.706033, 1, 1
2.706059, 0, 1
2.706111, 1, 1
2.706137, 0, 1
2.706216, 1, 1
2.706242, 0, 1
2.706294, 1, 1
2.706320, 0, 1
2.706424, 1, 1
2.706450, 0, 1
2.706502, 1, 1
2.706528, 0, 1
2.706554, 1, 1
2.727827, 1, 0
2.727853, 1, 1
2.727879, 1, 0
2.728061, 1, 1
2.728087, 1, 0
2.728165, 1, 1
2.728191, 1, 0
2.728321, 1, 1
2.728347, 1, 0
2.728373, 1, 1
2.728399, 1, 0
2.728503, 1, 1
2.728529, 1, 0
2.728555, 1, 1
2.728607, 1, 0
2.728841, 1, 1
2.728867, 1, 0
2.728893, 1, 1
2.728919, 1, 0
2.728945, 1, 1
2.728971, 1, 0
2.729023, 1, 1
2.729049, 1, 0
2.729075, 1, 1
2.778605, 1, 0
2.778631, 1, 1
2.778657, 1, 0
2.778839, 1, 1
2.778865, 1, 0
2.778917, 1, 1
2.778943, 1, 0
2.778969, 1, 1
2.778995, 1, 0
2.779099, 1, 1
2.779125, 1, 0
2.779281, 1, 1
2.779307, 1, 0
2.779359, 1, 1
2.779385, 1, 0
2.779619, 1, 1
2.779645, 1, 0
2.779671, 1, 1
2.779697, 1, 0
2.779775, 1, 1
2.779801, 1, 0
2.779879, 1, 1
2.779905, 1, 0
2.780009, 1, 1
2.780035, 1, 0
2.780139, 1, 1
2.780165, 1, 0
2.780191, 1, 1
2.780243, 1, 0
2.780399, 1, 1
2.780425, 1, 0
2.780659, 1, 1
2.780685, 1, 0
2.780919, 1, 1
2.780945, 1, 0
2.781179, 1, 1
2.781205, 1, 0
2.781257, 1, 1
2.781309, 1, 0
2.781387, 1, 1
2.781413, 1, 0
2.781439, 1, 1
2.827642, 1, 0
2.827668, 1, 1
2.827694, 1, 0
2.827876, 1, 1
2.827902, 1, 0
2.827980, 1, 1
2.828006, 1, 0
2.828032, 1, 1
2.828058, 1, 0
2.828136, 1, 1
2.828162, 1, 0
2.828214, 1, 1
2.828240, 1, 0
2.828318, 1, 1
2.828344, 1, 0
2.828396, 1, 1
2.828422, 1, 0
2.828656, 1, 1
2.828682, 1, 0
2.828708, 1, 1
2.828734, 1, 0
2.828760, 1, 1
2.828786, 1, 0
2.828864, 1, 1
2.828890, 1, 0
2.828916, 1, 1
2.828942, 1, 0
2.828994, 1, 1
2.829020, 1, 0
2.829072, 1, 1
2.829098, 1, 0
2.829176, 1, 1
2.829202, 1, 0
2.829280, 1, 1
2.829306, 1, 0
2.829384, 1, 1
2.829410, 1, 0
2.829436, 1, 1
2.829462, 1, 0
2.829488, 1, 1
2.829514, 1, 0
2.829566, 1, 1
2.829618, 1, 0
2.829696, 1, 1
2.829722, 1, 0
2.829956, 1, 1
2.829982, 1, 0
2.830034, 1, 1
2.830060, 1, 0
2.830086, 1, 1
2.830112, 1, 0
2.830138, 1, 1
2.830242, 1, 0
2.830476, 1, 1
2.830502, 1, 0
2.830736, 1, 1
2.830762, 1, 0
2.830996, 1, 1
2.831022, 1, 0
2.831048, 1, 1
2.831100, 1, 0
2.831256, 1, 1
2.831282, 1, 0
2.831334, 1, 1
2.831360, 1, 0
2.831386, 1, 1
2.831542, 1, 0
2.831776, 1, 1
2.831802, 1, 0
2.832036, 1, 1
2.832062, 1, 0
2.832192, 1, 1
2.832218, 1, 0
2.832270, 1, 1
2.832322, 1, 0
2.832348, 1, 1
2.832374, 1, 0
2.832556, 1, 1
2.832582, 1, 0
2.832816, 1, 1
2.832842, 1, 0
2.832894, 1, 1
2.832920, 1, 0
2.832998, 1, 1
2.833050, 1, 0
2.833076, 1, 1
3.029974, 1, 0
3.030000, 1, 1
3.030026, 1, 0
3.030208, 1, 1
3.030234, 1, 0
3.030286, 1, 1
3.030312, 1, 0
3.030338, 1, 1
3.030364, 1, 0
3.030468, 1, 1
3.030494, 1, 0
3.030650, 1, 1
3.030676, 1, 0
3.030728, 1, 1
3.030754, 1, 0
3.030988, 1, 1
3.031014, 1, 0
3.031040, 1, 1
3.031066, 1, 0
3.031144, 1, 1
3.031170, 1, 0
3.031248, 1, 1
3.032132, 1, 0
3.032236, 1, 1
3.032262, 1, 0
3.032366, 1, 1
3.032392, 1, 0
3.032418, 1, 1
3.032470, 1, 0
3.032626, 1, 1
3.032652, 1, 0
3.032678, 1, 1
3.032730, 1, 0
3.032886, 1, 1
3.032912, 1, 0
3.033146, 1, 1
3.033172, 1, 0
3.033406, 1, 1
3.033432, 1, 0
3.033458, 1, 1
3.033484, 1, 0
3.033536, 1, 1
3.033562, 1, 0
3.033614, 1, 1
3.033640, 1, 0
3.033666, 1, 1
3.538146, 1, 0
3.538172, 1, 1
3.538198, 1, 0
3.538380, 1, 1
3.538406, 1, 0
3.538458, 1, 1
3.538484, 1, 0
3.538510, 1, 1
3.538536, 1, 0
3.538640, 1, 1
3.538666, 1, 0
3.538822, 1, 1
3.538848, 1, 0
3.538900, 1, 1
3.538926, 1, 0
3.539160, 1, 1
3.539992, 1, 0
3.540018, 1, 1
3.540044, 1, 0
3.540122, 1, 1
3.540148, 1, 0
3.540226, 1, 1
3.540252, 1, 0
3.540356, 1, 1
3.540382, 1, 0
3.540486, 1, 1
3.540512, 1, 0
3.540538, 1, 1
3.540590, 1, 0
3.540746, 1, 1
3.541500, 1, 0
3.541526, 1, 1
3.541552, 1, 0
3.541578, 1, 1
3.541630, 1, 0
3.541734, 1, 1
3.541760, 1, 0
3.541994, 1, 1
3.542020, 1, 0
3.542254, 1, 1
3.542280, 1, 0
3.542306, 1, 1
3.542358, 1, 0
3.542410, 1, 1
3.542436, 1, 0
3.542462, 1, 1
3.542488, 1, 0
3.542514, 1, 1
4.043926, 1, 0
4.043952, 1, 1
4.043978, 1, 0
4.044160, 1, 1
4.044186, 1, 0
4.044238, 1, 1
4.044264, 1, 0
4.044290, 1, 1
4.044316, 1, 0
4.044420, 1, 1
4.044446, 1, 0
4.044602, 1, 1
4.044628, 1, 0
4.044680, 1, 1
4.044706, 1, 0
4.044940, 1, 1
4.044966, 1, 0
4.044992, 1, 1
4.045018, 1, 0
4.045096, 1, 1
4.045122, 1, 0
4.045200, 1, 1
4.045226, 1, 0
4.045330, 1, 1
4.045356, 1, 0
4.045460, 1, 1
4.045486, 1, 0
4.045512, 1, 1
4.045564, 1, 0
4.045720, 1, 1
4.045746, 1, 0
4.045772, 1, 1
4.045824, 1, 0
4.045850, 1, 1
4.045902, 1, 0
4.045980, 1, 1
4.046006, 1, 0
4.046240, 1, 1
4.046266, 1, 0
4.046500, 1, 1
4.046526, 1, 0
4.046552, 1, 1
4.046578, 1, 0
4.046682, 1, 1
4.046734, 1, 0
4.046760, 1, 1
4.550304, 1, 0
4.550330, 1, 1
4.550356, 1, 0
4.550538, 1, 1
4.550564, 1, 0
4.550616, 1, 1
4.550642, 1, 0
4.550668, 1, 1
4.550694, 1, 0
4.550798, 1, 1
4.550824, 1, 0
4.550980, 1, 1
4.551006, 1, 0
4.551058, 1, 1
4.551084, 1, 0
4.551318, 1, 1
4.551344, 1, 0
4.551370, 1, 1
4.551396, 1, 0
4.551474, 1, 1
4.551500, 1, 0
4.551578, 1, 1
4.551604, 1, 0
4.551708, 1, 1
4.551734, 1, 0
4.551838, 1, 1
4.551864, 1, 0
4.551890, 1, 1
4.551942, 1, 0
4.552098, 1, 1
4.552124, 1, 0
4.552176, 1, 1
4.552202, 1, 0
4.552228, 1, 1
4.552254, 1, 0
4.552280, 1, 1
4.552306, 1, 0
4.552358, 1, 1
4.552384, 1, 0
4.552618, 1, 1
4.552644, 1, 0
4.552878, 1, 1
4.552904, 1, 0
4.553034, 1, 1
4.553112, 1, 0
4.553138, 1, 1
5.056552, 1, 0
5.056578, 1, 1
5.056604, 1, 0
5.056786, 1, 1
5.056812, 1, 0
5.056864, 1, 1
5.056890, 1, 0
5.056916, 1, 1
5.056942, 1, 0
5.057046, 1, 1
5.057072, 1, 0
5.057228, 1, 1
5.057254, 1, 0
5.057306, 1, 1
5.057332, 1, 0
5.057566, 1, 1
5.057592, 1, 0
5.057618, 1, 1
5.057644, 1, 0
5.057722, 1, 1
5.057748, 1, 0
5.057826, 1, 1
5.057852, 1, 0
5.057956, 1, 1
5.057982, 1, 0
5.058086, 1, 1
5.058112, 1, 0
5.058138, 1, 1
5.058190, 1, 0
5.058346, 1, 1
5.058372, 1, 0
5.058398, 1, 1
5.058424, 1, 0
5.058476, 1, 1
5.058554, 1, 0
5.058606, 1, 1
5.058632, 1, 0
5.058866, 1, 1
5.058892, 1, 0
5.059126, 1, 1
5.059152, 1, 0
5.059178, 1, 1
5.059360, 1, 0
5.059386, 1, 1
5.563086, 1, 0
5.563112, 1, 1
5.563138, 1, 0
5.563320, 1, 1
5.563346, 1, 0
5.563398, 1, 1
5.563424, 1, 0
5.563450, 1, 1
5.563476, 1, 0
5.563580, 1, 1
5.563606, 1, 0
5.563762, 1, 1
5.563788, 1, 0
5.563840, 1, 1
5.563866, 1, 0
5.564100, 1, 1
5.564126, 1, 0
5.564152, 1, 1
5.564178, 1, 0
5.564256, 1, 1
5.564282, 1, 0
5.564360, 1, 1
5.564386, 1, 0
5.564490, 1, 1
5.564516, 1, 0
5.564620, 1, 1
5.564646, 1, 0
5.564672, 1, 1
5.564724, 1, 0
5.564880, 1, 1
5.564906, 1, 0
5.565010, 1, 1
5.565036, 1, 0
5.565088, 1, 1
5.565114, 1, 0
5.565140, 1, 1
5.565166, 1, 0
5.565400, 1, 1
5.565426, 1, 0
5.565660, 1, 1
5.565686, 1, 0
5.565738, 1, 1
5.565816, 1, 0
5.565894, 1, 1
6.068450, 1, 0
6.068476, 1, 1
6.068502, 1, 0
6.068684, 1, 1
6.068710, 1, 0
6.068762, 1, 1
6.068788, 1, 0
6.068814, 1, 1
6.068840, 1, 0
6.068944, 1, 1
6.068970, 1, 0
6.069126, 1, 1
6.069152, 1, 0
6.069204, 1, 1
6.069230, 1, 0
6.069464, 1, 1
6.069490, 1, 0
6.069516, 1, 1
6.069542, 1, 0
6.069620, 1, 1
6.069646, 1, 0
6.069724, 1, 1
6.069750, 1, 0
6.069854, 1, 1
6.069880, 1, 0
6.069984, 1, 1
6.070010, 1, 0
6.070036, 1, 1
6.070088, 1, 0
6.070244, 1, 1
6.070270, 1, 0
6.070296, 1, 1
6.070374, 1, 0
6.070400, 1, 1
6.070426, 1, 0
6.070452, 1, 1
6.070478, 1, 0
6.070504, 1, 1
6.070530, 1, 0
6.070764, 1, 1
6.070790, 1, 0
6.071024, 1, 1
6.071050, 1, 0
6.071076, 1, 1
6.071102, 1, 0
6.071128, 1, 1
6.071206, 1, 0
6.071258, 1, 1
6.576128, 1, 0
6.576154, 1, 1
6.576180, 1, 0
6.576362, 1, 1
6.576388, 1, 0
6.576440, 1, 1
6.576466, 1, 0
6.576492, 1, 1
6.576518, 1, 0
6.576622, 1, 1
6.576648, 1, 0
6.576804, 1, 1
6.576830, 1, 0
6.576882, 1, 1
6.576908, 1, 0
6.577142, 1, 1
6.577168, 1, 0
6.577194, 1, 1
6.577220, 1, 0
6.577298, 1, 1
6.577324, 1, 0
6.577402, 1, 1
6.577428, 1, 0
6.577532, 1, 1
6.577558, 1, 0
6.577662, 1, 1
6.577688, 1, 0
6.577714, 1, 1
6.577766, 1, 0
6.577922, 1, 1
6.577948, 1, 0
6.578000, 1, 1
6.578052, 1, 0
6.578104, 1, 1
6.578156, 1, 0
6.578182, 1, 1
6.578208, 1, 0
6.578442, 1, 1
6.578468, 1, 0
6.578702, 1, 1
6.578728, 1, 0
6.578806, 1, 1
6.578858, 1, 0
6.578884, 1, 1
6.578910, 1, 0
6.578936, 1, 1
7.082037, 1, 0
7.082063, 1, 1
7.082089, 1, 0
7.082271, 1, 1
7.082297, 1, 0
7.082349, 1, 1
7.082375, 1, 0
7.082401, 1, 1
7.082427, 1, 0
7.082531, 1, 1
7.082557, 1, 0
7.082713, 1, 1
7.082739, 1, 0
7.082791, 1, 1
7.082817, 1, 0
7.083051, 1, 1
7.083077, 1, 0
7.083103, 1, 1
7.083129, 1, 0
7.083207, 1, 1
7.083233, 1, 0
7.083311, 1, 1
7.083337, 1, 0
7.083441, 1, 1
7.083467, 1, 0
7.083571, 1, 1
7.083597, 1, 0
7.083623, 1, 1
7.083675, 1, 0
7.083831, 1, 1
7.083857, 1, 0
7.083883, 1, 1
7.083909, 1, 0
7.083935, 1, 1
7.083961, 1, 0
7.083987, 1, 1
7.084065, 1, 0
7.084091, 1, 1
7.084117, 1, 0
7.084351, 1, 1
7.084377, 1, 0
7.084611, 1, 1
7.084637, 1, 0
7.084663, 1, 1
7.084715, 1, 0
7.084741, 1, 1
7.084819, 1, 0
7.084845, 1, 1
7.590677, 1, 0
7.590703, 1, 1
7.590729, 1, 0
7.590911, 1, 1
7.590937, 1, 0
7.590989, 1, 1
7.591015, 1, 0
7.591041, 1, 1
7.591067, 1, 0
7.591171, 1, 1
7.591197, 1, 0
7.591353, 1, 1
7.591379, 1, 0
7.591431, 1, 1
7.591457, 1, 0
7.591691, 1, 1
7.591717, 1, 0
7.591743, 1, 1
7.591769, 1, 0
7.591847, 1, 1
7.591873, 1, 0
7.591951, 1, 1
7.591977, 1, 0
7.592081, 1, 1
7.592107, 1, 0
7.592211, 1, 1
7.592237, 1, 0
7.592263, 1, 1
7.592315, 1, 0
7.592471, 1, 1
7.592497, 1, 0
7.592575, 1, 1
7.592601, 1, 0
7.592705, 1, 1
7.592757, 1, 0
7.592991, 1, 1
7.593017, 1, 0
7.593251, 1, 1
7.593277, 1, 0
7.593329, 1, 1
7.593355, 1, 0
7.593381, 1, 1
7.593407, 1, 0
7.593459, 1, 1
7.732500, 0, 1
7.732526, 1, 1
7.732552, 0, 1
7.732735, 1, 1
7.732761, 0, 1
7.732787, 1, 1
7.732813, 0, 1
7.732839, 1, 1
7.732865, 0, 1
7.732995, 1, 1
7.733021, 0, 1
7.733047, 1, 1
7.733073, 0, 1
7.733178, 1, 1
7.733204, 0, 1
7.733256, 1, 1
7.733282, 0, 1
7.733516, 1, 1
7.733542, 0, 1
7.733595, 1, 1
7.733621, 0, 1
7.733699, 1, 1
7.733725, 0, 1
7.733777, 1, 1
7.733803, 0, 1
7.733907, 1, 1
7.733933, 0, 1
7.733985, 1, 1
7.734011, 0, 1
7.734037, 1, 1
7.742752, 1, 0
7.742778, 1, 1
7.742804, 1, 0
7.742986, 1, 1
7.743012, 1, 0
7.743090, 1, 1
7.743116, 1, 0
7.743246, 1, 1
7.743272, 1, 0
7.743298, 1, 1
7.743324, 1, 0
7.743428, 1, 1
7.743454, 1, 0
7.743480, 1, 1
7.743532, 1, 0
7.743766, 1, 1
7.743792, 1, 0
7.743818, 1, 1
7.743844, 1, 0
7.743870, 1, 1
7.743896, 1, 0
7.743948, 1, 1
7.743974, 1, 0
7.744000, 1, 1
7.793582, 1, 0
7.793608, 1, 1
7.793634, 1, 0
7.793816, 1, 1
7.793842, 1, 0
7.793894, 1, 1
7.793920, 1, 0
7.793946, 1, 1
7.793972, 1, 0
7.794076, 1, 1
7.794102, 1, 0
7.794258, 1, 1
7.794284, 1, 0
7.794336, 1, 1
7.794362, 1, 0
7.794596, 1, 1
7.794622, 1, 0
7.794648, 1, 1
7.794674, 1, 0
7.794752, 1, 1
7.794778, 1, 0
7.794856, 1, 1
7.794882, 1, 0
7.794986, 1, 1
7.795012, 1, 0
7.795116, 1, 1
7.795142, 1, 0
7.795168, 1, 1
7.795220, 1, 0
7.795376, 1, 1
7.795402, 1, 0
7.795428, 1, 1
7.795454, 1, 0
7.795506, 1, 1
7.795532, 1, 0
7.795610, 1, 1
7.796312, 1, 0
7.796546, 1, 1
7.796572, 1, 0
7.796806, 1, 1
7.796832, 1, 0
7.796858, 1, 1
7.796962, 1, 0
7.797014, 1, 1
7.843996, 1, 0
7.844022, 1, 1
7.844048, 1, 0
7.844230, 1, 1
7.844256, 1, 0
7.844334, 1, 1
7.844360, 1, 0
7.844386, 1, 1
7.844412, 1, 0
7.844490, 1, 1
7.844516, 1, 0
7.844568, 1, 1
7.844594, 1, 0
7.844672, 1, 1
7.844698, 1, 0
7.844750, 1, 1
7.844776, 1, 0
7.845010, 1, 1
7.845036, 1, 0
7.845062, 1, 1
7.845088, 1, 0
7.845114, 1, 1
7.845140, 1, 0
7.845218, 1, 1
7.845244, 1, 0
7.845270, 1, 1
7.845296, 1, 0
7.845348, 1, 1
7.845374, 1, 0
7.845426, 1, 1
7.845452, 1, 0
7.845530, 1, 1
7.845556, 1, 0
7.845634, 1, 1
7.845660, 1, 0
7.845738, 1, 1
7.845764, 1, 0
7.845790, 1, 1
7.845816, 1, 0
7.845842, 1, 1
7.845868, 1, 0
7.845920, 1, 1
7.845972, 1, 0
7.846050, 1, 1
7.846076, 1, 0
7.846310, 1, 1
7.846336, 1, 0
7.846388, 1, 1
7.846414, 1, 0
7.846440, 1, 1
7.846466, 1, 0
7.846492, 1, 1
7.846596, 1, 0
7.846830, 1, 1
7.846856, 1, 0
7.847090, 1, 1
7.847116, 1, 0
7.847350, 1, 1
7.847376, 1, 0
7.847402, 1, 1
7.847454, 1, 0
7.847610, 1, 1
7.847636, 1, 0
7.847688, 1, 1
7.847714, 1, 0
7.847740, 1, 1
7.847896, 1, 0
7.847922, 1, 1
7.847948, 1, 0
7.848000, 1, 1
7.848026, 1, 0
7.848104, 1, 1
7.848988, 1, 0
7.849222, 1, 1
7.849248, 1, 0
7.849378, 1, 1
7.849404, 1, 0
7.849456, 1, 1
7.849508, 1, 0
7.849534, 1, 1
7.849560, 1, 0
7.849742, 1, 1
7.849768, 1, 0
7.850002, 1, 1
7.850028, 1, 0
7.850054, 1, 1
7.850106, 1, 0
7.850132, 1, 1
7.850158, 1, 0
7.850184, 1, 1
8.099863, 1, 0
8.099889, 1, 1
8.099915, 1, 0
8.100097, 1, 1
8.100123, 1, 0
8.100175, 1, 1
8.100201, 1, 0
8.100227, 1, 1
8.100253, 1, 0
8.100357, 1, 1
8.100383, 1, 0
8.100539, 1, 1
8.100565, 1, 0
8.100617, 1, 1
8.100643, 1, 0
8.100877, 1, 1
8.100903, 1, 0
8.100929, 1, 1
8.100955, 1, 0
8.101033, 1, 1
8.101059, 1, 0
8.101137, 1, 1
8.101163, 1, 0
8.101267, 1, 1
8.101293, 1, 0
8.101397, 1, 1
8.101423, 1, 0
8.101449, 1, 1
8.101501, 1, 0
8.101657, 1, 1
8.101683, 1, 0
8.101761, 1, 1
8.101787, 1, 0
8.101813, 1, 1
8.101839, 1, 0
8.101891, 1, 1
8.101943, 1, 0
8.102177, 1, 1
8.102203, 1, 0
8.102437, 1, 1
8.102463, 1, 0
8.102515, 1, 1
8.102541, 1, 0
8.102567, 1, 1
8.102619, 1, 0
8.102645, 1, 1
8.606891, 1, 0
8.606917, 1, 1
8.606943, 1, 0
8.607125, 1, 1
8.607151, 1, 0
8.607203, 1, 1
8.607229, 1, 0
8.607255, 1, 1
8.607281, 1, 0
8.607385, 1, 1
8.607411, 1, 0
8.607567, 1, 1
8.607593, 1, 0
8.607645, 1, 1
8.607671, 1, 0
8.607905, 1, 1
8.607931, 1, 0
8.607957, 1, 1
8.607983, 1, 0
8.608009, 1, 1
8.608035, 1, 0
8.608061, 1, 1
8.608087, 1, 0
8.608165, 1, 1
8.608191, 1, 0
8.608269, 1, 1
8.608321, 1, 0
8.608425, 1, 1
8.608451, 1, 0
8.608477, 1, 1
8.608529, 1, 0
8.608685, 1, 1
8.608711, 1, 0
8.608737, 1, 1
8.608789, 1, 0
8.608867, 1, 1
8.608893, 1, 0
8.608919, 1, 1
8.608971, 1, 0
8.609205, 1, 1
8.609231, 1, 0
8.609465, 1, 1
8.609491, 1, 0
8.609517, 1, 1
8.609543, 1, 0
8.609621, 1, 1
9.114439, 1, 0
9.114465, 1, 1
9.114491, 1, 0
9.114673, 1, 1
9.114699, 1, 0
9.114751, 1, 1
9.114777, 1, 0
9.114803, 1, 1
9.114829, 1, 0
9.114933, 1, 1
9.114959, 1, 0
9.115115, 1, 1
9.115141, 1, 0
9.115193, 1, 1
9.115219, 1, 0
9.115453, 1, 1
9.115479, 1, 0
9.115505, 1, 1
9.115583, 1, 0
9.115609, 1, 1
9.115635, 1, 0
9.115713, 1, 1
9.115739, 1, 0
9.115817, 1, 1
9.115869, 1, 0
9.115973, 1, 1
9.115999, 1, 0
9.116025, 1, 1
9.116077, 1, 0
9.116233, 1, 1
9.116259, 1, 0
9.116337, 1, 1
9.116363, 1, 0
9.116415, 1, 1
9.116441, 1, 0
9.116467, 1, 1
9.116519, 1, 0
9.116753, 1, 1
9.116779, 1, 0
9.117013, 1, 1
9.117039, 1, 0
9.117117, 1, 1
9.117143, 1, 0
9.117169, 1, 1
9.121590, 0, 0
9.121591, 1, 1
9.622169, 1, 0
9.622195, 1, 1
9.622221, 1, 0
9.622403, 1, 1
9.622429, 1, 0
9.622481, 1, 1
9.622507, 1, 0
9.622533, 1, 1
9.622559, 1, 0
9.622663, 1, 1
9.622689, 1, 0
9.622845, 1, 1
9.622871, 1, 0
9.622923, 1, 1
9.622949, 1, 0
9.623183, 1, 1
9.623209, 1, 0
9.623235, 1, 1
9.623313, 1, 0
9.623339, 1, 1
9.623365, 1, 0
9.623443, 1, 1
9.623469, 1, 0
9.623573, 1, 1
9.623599, 1, 0
9.623703, 1, 1
9.623729, 1, 0
9.623807, 1, 1
9.623833, 1, 0
9.623963, 1, 1
9.623989, 1, 0
9.624015, 1, 1
9.624145, 1, 0
9.624197, 1, 1
9.624249, 1, 0
9.624483, 1, 1
9.624509, 1, 0
9.624743, 1, 1
9.624769, 1, 0
9.624847, 1, 1
9.624899, 1, 0
9.624925, 1, 1
9.654510, 0, 1
9.654536, 1, 1
9.654562, 0, 1
9.654745, 1, 1
9.654771, 0, 1
9.654849, 1, 1
9.654901, 0, 1
9.655005, 1, 1
9.655031, 0, 1
9.655136, 1, 1
9.655240, 0, 1
9.655266, 1, 1
9.655292, 0, 1
9.655344, 1, 1
9.655370, 0, 1
9.655526, 1, 1
9.655553, 0, 1
9.655579, 1, 1
9.655605, 0, 1
9.655787, 1, 1
9.655813, 0, 1
9.655839, 1, 1
9.655865, 0, 1
9.655891, 1, 1
9.655917, 0, 1
9.656048, 1, 1
9.656074, 0, 1
9.656100, 1, 1
9.656152, 0, 1
9.656282, 1, 1
9.656334, 0, 1
9.656360, 1, 1
9.656386, 0, 1
9.656412, 1, 1
9.656438, 0, 1
9.656490, 1, 1
9.656517, 0, 1
9.656569, 1, 1
9.656595, 0, 1
9.656829, 1, 1
9.656855, 0, 1
9.656933, 1, 1
9.656959, 0, 1
9.657090, 1, 1
9.657116, 0, 1
9.657142, 1, 1
9.657168, 0, 1
9.657246, 1, 1
9.657298, 0, 1
9.657324, 1, 1
9.657376, 0, 1
9.657455, 1, 1
9.657481, 0, 1
9.657611, 1, 1
9.657637, 0, 1
9.657663, 1, 1
9.657689, 0, 1
9.657715, 1, 1
9.657767, 0, 1
9.657793, 1, 1
9.854479, 0, 1
9.854714, 1, 1
9.854740, 0, 1
9.854974, 1, 1
9.855000, 0, 1
9.855235, 1, 1
9.855261, 0, 1
9.855495, 1, 1
9.855522, 0, 1
9.855756, 1, 1
9.855782, 0, 1
9.856017, 1, 1
9.856043, 0, 1
9.856277, 1, 1
9.856303, 0, 1
9.856538, 1, 1
9.856564, 0, 1
9.856798, 1, 1
9.856824, 0, 1
9.857059, 1, 1
9.857085, 0, 1
9.857319, 1, 1
9.857345, 0, 1
9.857580, 1, 1
9.857606, 0, 1
9.857840, 1, 1
9.857866, 0, 1
9.858101, 1, 1
9.858127, 0, 1
9.858361, 1, 1
9.858388, 0, 1
9.858622, 1, 1
9.875610, 0, 1
9.875844, 1, 1
9.875870, 0, 1
9.876105, 1, 1
9.876131, 0, 1
9.876365, 1, 1
9.876391, 0, 1
9.876626, 1, 1
9.876652, 0, 1
9.876886, 1, 1
9.876912, 0, 1
9.877147, 1, 1
9.877173, 0, 1
9.877407, 1, 1
9.877433, 0, 1
9.877668, 1, 1
9.877694, 0, 1
9.877928, 1, 1
9.877955, 0, 1
9.878189, 1, 1
9.878215, 0, 1
9.878450, 1, 1
9.878476, 0, 1
9.878710, 1, 1
9.878736, 0, 1
9.878971, 1, 1
9.878997, 0, 1
9.879231, 1, 1
9.879257, 0, 1
9.879492, 1, 1
9.879518, 0, 1
9.879752, 1, 1
9.896505, 0, 1
9.896740, 1, 1
9.896766, 0, 1
9.897000, 1, 1
9.897026, 0, 1
9.897261, 1, 1
9.897287, 0, 1
9.897522, 1, 1
9.897548, 0, 1
9.897782, 1, 1
9.897808, 0, 1
9.898043, 1, 1
9.898069, 0, 1
9.898303, 1, 1
9.898329, 0, 1
9.898564, 1, 1
9.898590, 0, 1
9.898824, 1, 1
9.898850, 0, 1
9.899085, 1, 1
9.899111, 0, 1
9.899345, 1, 1
9.899371, 0, 1
9.899606, 1, 1
9.899632, 0, 1
9.899866, 1, 1
9.899892, 0, 1
9.900127, 1, 1
9.900153, 0, 1
9.900388, 1, 1
9.900414, 0, 1
9.900648, 1, 1
9.917505, 0, 1
9.917740, 1, 1
9.917766, 0, 1
9.918000, 1, 1
9.918026, 0, 1
9.918261, 1, 1
9.918287, 0, 1
9.918522, 1, 1
9.918548, 0, 1
9.918782, 1, 1
9.918808, 0, 1
9.919043, 1, 1
9.919069, 0, 1
9.919303, 1, 1
9.919329, 0, 1
9.919564, 1, 1
9.919590, 0, 1
9.919824, 1, 1
9.919850, 0, 1
9.920085, 1, 1
9.920111, 0, 1
9.920345, 1, 1
9.920371, 0, 1
9.920606, 1, 1
9.920632, 0, 1
9.920866, 1, 1
9.920892, 0, 1
9.921127, 1, 1
9.921153, 0, 1
9.921388, 1, 1
9.921414, 0, 1
9.921648, 1, 1
9.938610, 0, 1
9.938844, 1, 1
9.938870, 0, 1
9.939105, 1, 1
9.939131, 0, 1
9.939365, 1, 1
9.939391, 0, 1
9.939626, 1, 1
9.939652, 0, 1
9.939886, 1, 1
9.939912, 0, 1
9.940147, 1, 1
9.940173, 0, 1
9.940407, 1, 1
9.940433, 0, 1
9.940668, 1, 1
9.940694, 0, 1
9.940928, 1, 1
9.940955, 0, 1
9.941189, 1, 1
9.941215, 0, 1
9.941450, 1, 1
9.941476, 0, 1
9.941710, 1, 1
9.941736, 0, 1
9.941971, 1, 1
9.941997, 0, 1
9.942231, 1, 1
9.942257, 0, 1
9.942492, 1, 1
9.942518, 0, 1
9.942752, 1, 1
9.959505, 0, 1
9.959740, 1, 1
9.959766, 0, 1
9.960000, 1, 1
9.960026, 0, 1
9.960261, 1, 1
9.960287, 0, 1
9.960522, 1, 1
9.960548, 0, 1
9.960782, 1, 1
9.960808, 0, 1
9.961043, 1, 1
9.961069, 0, 1
9.961303, 1, 1
9.961329, 0, 1
9.961564, 1, 1
9.961590, 0, 1
9.961824, 1, 1
9.961850, 0, 1
9.962085, 1, 1
9.962111, 0, 1
9.962345, 1, 1
9.962371, 0, 1
9.962606, 1, 1
9.962632, 0, 1
9.962866, 1, 1
9.962892, 0, 1
9.963127, 1, 1
9.963153, 0, 1
9.963388, 1, 1
9.963414, 0, 1
9.963648, 1, 1
9.980610, 0, 1
9.980844, 1, 1
9.980870, 0, 1
9.981105, 1, 1
9.981131, 0, 1
9.981365, 1, 1
9.981391, 0, 1
9.981626, 1, 1
9.981652, 0, 1
9.981886, 1, 1
9.981912, 0, 1
9.982147, 1, 1
9.982173, 0, 1
9.982407, 1, 1
9.982433, 0, 1
9.982668, 1, 1
9.982694, 0, 1
9.982928, 1, 1
9.982955, 0, 1
9.983189, 1, 1
9.983215, 0, 1
9.983450, 1, 1
9.983476, 0, 1
9.983710, 1, 1
9.983736, 0, 1
9.983971, 1, 1
9.983997, 0, 1
9.984231, 1, 1
9.984257, 0, 1
9.984492, 1, 1
9.984518, 0, 1
9.984752, 1, 1
10.001505, 0, 1
10.001740, 1, 1
10.001766, 0, 1
10.002000, 1, 1
10.002027, 0, 1
10.002261, 1, 1
10.002287, 0, 1
10.002522, 1, 1
10.002548, 0, 1
10.002782, 1, 1
10.002808, 0, 1
10.003043, 1, 1
10.003069, 0, 1
10.003303, 1, 1
10.003329, 0, 1
10.003564, 1, 1
10.003590, 0, 1
10.003824, 1, 1
10.003850, 0, 1
10.004085, 1, 1
10.004111, 0, 1
10.004345, 1, 1
10.004371, 0, 1
10.004606, 1, 1
10.004632, 0, 1
10.004866, 1, 1
10.004893, 0, 1
10.005127, 1, 1
10.005153, 0, 1
10.005388, 1, 1
10.005414, 0, 1
10.005648, 1, 1
10.022505, 0, 1
10.022740, 1, 1
10.022766, 0, 1
10.023000, 1, 1
10.023027, 0, 1
10.023261, 1, 1
10.023287, 0, 1
10.023522, 1, 1
10.023548, 0, 1
10.023782, 1, 1
10.023808, 0, 1
10.024043, 1, 1
10.024069, 0, 1
10.024303, 1, 1
10.024329, 0, 1
10.024564, 1, 1
10.024590, 0, 1
10.024824, 1, 1
10.024850, 0, 1
10.025085, 1, 1
10.025111, 0, 1
10.025345, 1, 1
10.025371, 0, 1
10.025606, 1, 1
10.025632, 0, 1
10.025866, 1, 1
10.025893, 0, 1
10.026127, 1, 1
10.026153, 0, 1
10.026388, 1, 1
10.026414, 0, 1
10.026648, 1, 1
10.043610, 0, 1
10.043844, 1, 1
10.043870, 0, 1
10.044105, 1, 1
10.044131, 0, 1
10.044365, 1, 1
10.044391, 0, 1
10.044626, 1, 1
10.044652, 0, 1
10.044886, 1, 1
10.044912, 0, 1
10.045147, 1, 1
10.045173, 0, 1
10.045407, 1, 1
10.045433, 0, 1
10.045668, 1, 1
10.045694, 0, 1
10.045928, 1, 1
10.045955, 0, 1
10.046189, 1, 1
10.046215, 0, 1
10.046450, 1, 1
10.046476, 0, 1
10.046710, 1, 1
10.046736, 0, 1
10.046971, 1, 1
10.046997, 0, 1
10.047231, 1, 1
10.047257, 0, 1
10.047492, 1, 1
10.047518, 0, 1
10.047752, 1, 1
10.064505, 0, 1
10.064740, 1, 1
10.064766, 0, 1
10.065000, 1, 1
10.065027, 0, 1
10.065261, 1, 1
10.065287, 0, 1
10.065522, 1, 1
10.065548, 0, 1
10.065782, 1, 1
10.065808, 0, 1
10.066043, 1, 1
10.066069, 0, 1
10.066303, 1, 1
10.066329, 0, 1
10.066564, 1, 1
10.066590, 0, 1
10.066824, 1, 1
10.066850, 0, 1
10.067085, 1, 1
10.067111, 0, 1
10.067345, 1, 1
10.067371, 0, 1
10.067606, 1, 1
10.067632, 0, 1
10.067866, 1, 1
10.067893, 0, 1
10.068127, 1, 1
10.068153, 0, 1
10.068388, 1, 1
10.068414, 0, 1
10.068648, 1, 1
10.085610, 0, 1
10.085844, 1, 1
10.085870, 0, 1
10.086105, 1, 1
10.086131, 0, 1
10.086365, 1, 1
10.086391, 0, 1
10.086626, 1, 1
10.086652, 0, 1
10.086886, 1, 1
10.086912, 0, 1
10.087147, 1, 1
10.087173, 0, 1
10.087407, 1, 1
10.087433, 0, 1
10.087668, 1, 1
10.087694, 0, 1
10.087928, 1, 1
10.087955, 0, 1
10.088189, 1, 1
10.088215, 0, 1
10.088450, 1, 1
10.088476, 0, 1
10.088710, 1, 1
10.088736, 0, 1
10.088971, 1, 1
10.088997, 0, 1
10.089231, 1, 1
10.089257, 0, 1
10.089492, 1, 1
10.089518, 0, 1
10.089752, 1, 1
10.106505, 0, 1
10.106740, 1, 1
10.106766, 0, 1
10.107000, 1, 1
10.107027, 0, 1
10.107261, 1, 1
10.107287, 0, 1
10.107522, 1, 1
10.107548, 0, 1
10.107782, 1, 1
10.107808, 0, 1
10.108043, 1, 1
10.108069, 0, 1
10.108303, 1, 1
10.108329, 0, 1
10.108564, 1, 1
10.108590, 0, 1
10.108824, 1, 1
10.108850, 0, 1
10.109085, 1, 1
10.109111, 0, 1
10.109345, 1, 1
10.109371, 0, 1
10.109606, 1, 1
10.109632, 0, 1
10.109866, 1, 1
10.109893, 0, 1
10.110127, 1, 1
10.110153, 0, 1
10.110388, 1, 1
10.110414, 0, 1
10.110648, 1, 1
10.127505, 0, 1
10.127740, 1, 1
10.127766, 0, 1
10.128000, 1, 1
10.128027, 0, 1
10.128261, 1, 1
10.128287, 0, 1
10.128522, 1, 1
10.128548, 0, 1
10.128782, 1, 1
10.128808, 0, 1
10.129043, 1, 1
10.129069, 0, 1
10.129303, 1, 1
10.129329, 0, 1
10.129564, 1, 1
10.129590, 0, 1
10.129824, 1, 1
10.129850, 0, 1
10.130085, 1, 1
10.130111, 0, 1
10.130345, 1, 1
10.130371, 0, 1
10.130606, 1, 1
10.130632, 0, 1
10.130866, 1, 1
10.130893, 0, 1
10.131127, 1, 1
10.131153, 0, 1
10.131388, 1, 1
10.131414, 0, 1
10.131615, 0, 0
10.131641, 0, 1
10.131648, 1, 1
10.131667, 1, 0
10.131849, 1, 1
10.131875, 1, 0
10.131927, 1, 1
10.131953, 1, 0
10.131979, 1, 1
10.132005, 1, 0
10.132109, 1, 1
10.132135, 1, 0
10.132291, 1, 1
10.132317, 1, 0
10.132369, 1, 1
10.132395, 1, 0
10.132629, 1, 1
10.132655, 1, 0
10.132681, 1, 1
10.132759, 1, 0
10.132785, 1, 1
10.132811, 1, 0
10.132889, 1, 1
10.132915, 1, 0
10.133019, 1, 1
10.133045, 1, 0
10.133149, 1, 1
10.133175, 1, 0
10.133253, 1, 1
10.133279, 1, 0
10.133409, 1, 1
10.133435, 1, 0
10.133487, 1, 1
10.133513, 1, 0
10.133565, 1, 1
10.133591, 1, 0
10.133643, 1, 1
10.133695, 1, 0
10.133929, 1, 1
10.133955, 1, 0
10.134189, 1, 1
10.134215, 1, 0
10.134241, 1, 1
10.134371, 1, 0
10.134397, 1, 1
10.149626, 0, 1
10.149861, 1, 1
10.149887, 0, 1
10.150121, 1, 1
10.150147, 0, 1
10.150382, 1, 1
10.150408, 0, 1
10.150642, 1, 1
10.150668, 0, 1
10.150903, 1, 1
10.150929, 0, 1
10.151163, 1, 1
10.151189, 0, 1
10.151424, 1, 1
10.151450, 0, 1
10.151684, 1, 1
10.151711, 0, 1
10.151945, 1, 1
10.151971, 0, 1
10.152206, 1, 1
10.152232, 0, 1
10.152466, 1, 1
10.152492, 0, 1
10.152727, 1, 1
10.152753, 0, 1
10.152987, 1, 1
10.153013, 0, 1
10.153248, 1, 1
10.153274, 0, 1
10.153508, 1, 1
10.153534, 0, 1
10.153769, 1, 1
10.170522, 0, 1
10.170756, 1, 1
10.170783, 0, 1
10.171017, 1, 1
10.171043, 0, 1
10.171278, 1, 1
10.171304, 0, 1
10.171538, 1, 1
10.171564, 0, 1
10.171799, 1, 1
10.171825, 0, 1
10.172059, 1, 1
10.172085, 0, 1
10.172320, 1, 1
10.172346, 0, 1
10.172580, 1, 1
10.172606, 0, 1
10.172841, 1, 1
10.172867, 0, 1
10.173101, 1, 1
10.173127, 0, 1
10.173362, 1, 1
10.173388, 0, 1
10.173622, 1, 1
10.173648, 0, 1
10.173883, 1, 1
10.173909, 0, 1
10.174144, 1, 1
10.174170, 0, 1
10.174404, 1, 1
10.174430, 0, 1
10.174665, 1, 1
10.191626, 0, 1
10.191861, 1, 1
10.191887, 0, 1
10.192121, 1, 1
10.192147, 0, 1
10.192382, 1, 1
10.192408, 0, 1
10.192642, 1, 1
10.192668, 0, 1
10.192903, 1, 1
10.192929, 0, 1
10.193163, 1, 1
10.193189, 0, 1
10.193424, 1, 1
10.193450, 0, 1
10.193684, 1, 1
10.193711, 0, 1
10.193945, 1, 1
10.193971, 0, 1
10.194206, 1, 1
10.194232, 0, 1
10.194466, 1, 1
10.194492, 0, 1
10.194727, 1, 1
10.194753, 0, 1
10.194987, 1, 1
10.195013, 0, 1
10.195248, 1, 1
10.195274, 0, 1
10.195508, 1, 1
10.195534, 0, 1
10.195769, 1, 1
10.292666, 0, 1
10.292692, 1, 1
10.292718, 0, 1
10.292900, 1, 1
10.292926, 0, 1
10.293005, 1, 1
10.293057, 0, 1
10.293161, 1, 1
10.293187, 0, 1
10.293291, 1, 1
10.293395, 0, 1
10.293421, 1, 1
10.293448, 0, 1
10.293500, 1, 1
10.293526, 0, 1
10.293682, 1, 1
10.293708, 0, 1
10.293734, 1, 1
10.293760, 0, 1
10.293943, 1, 1
10.293969, 0, 1
10.293995, 1, 1
10.294021, 0, 1
10.294047, 1, 1
10.294073, 0, 1
10.294203, 1, 1
10.294229, 0, 1
10.294255, 1, 1
10.294307, 0, 1
10.294438, 1, 1
10.294490, 0, 1
10.294516, 1, 1
10.294542, 0, 1
10.294568, 1, 1
10.294594, 0, 1
10.294646, 1, 1
10.294672, 0, 1
10.294724, 1, 1
10.294750, 0, 1
10.294985, 1, 1
10.295011, 0, 1
10.295089, 1, 1
10.295115, 0, 1
10.295245, 1, 1
10.295271, 0, 1
10.295297, 1, 1
10.295323, 0, 1
10.295402, 1, 1
10.295454, 0, 1
10.295480, 1, 1
10.295532, 0, 1
10.295610, 1, 1
10.295636, 0, 1
10.295766, 1, 1
10.295792, 0, 1
10.295819, 1, 1
10.295845, 0, 1
10.295871, 1, 1
10.295923, 0, 1
10.295949, 1, 1
10.335403, 1, 0
10.335429, 1, 1
10.335455, 1, 0
10.335637, 1, 1
10.335663, 1, 0
10.335741, 1, 1
10.335767, 1, 0
10.335897, 1, 1
10.335923, 1, 0
10.336027, 1, 1
10.336183, 1, 0
10.336417, 1, 1
10.336443, 1, 0
10.336521, 1, 1
10.493644, 0, 1
10.493879, 1, 1
10.493905, 0, 1
10.494139, 1, 1
10.494165, 0, 1
10.494400, 1, 1
10.494426, 0, 1
10.494660, 1, 1
10.494686, 0, 1
10.494921, 1, 1
10.494947, 0, 1
10.495181, 1, 1
10.495207, 0, 1
10.495442, 1, 1
10.495468, 0, 1
10.495702, 1, 1
10.495728, 0, 1
10.495963, 1, 1
10.495989, 0, 1
10.496223, 1, 1
10.496249, 0, 1
10.496484, 1, 1
10.496510, 0, 1
10.496745, 1, 1
10.496771, 0, 1
10.497005, 1, 1
10.497031, 0, 1
10.497266, 1, 1
10.497292, 0, 1
10.497526, 1, 1
10.497552, 0, 1
10.497787, 1, 1
10.514540, 0, 1
10.514774, 1, 1
10.514800, 0, 1
10.515035, 1, 1
10.515061, 0, 1
10.515295, 1, 1
10.515321, 0, 1
10.515556, 1, 1
10.515582, 0, 1
10.515816, 1, 1
10.515843, 0, 1
10.516077, 1, 1
10.516103, 0, 1
10.516338, 1, 1
10.516364, 0, 1
10.516598, 1, 1
10.516624, 0, 1
10.516859, 1, 1
10.516885, 0, 1
10.517119, 1, 1
10.517145, 0, 1
10.517380, 1, 1
10.517406, 0, 1
10.517640, 1, 1
10.517666, 0, 1
10.517901, 1, 1
10.517927, 0, 1
10.518161, 1, 1
10.518187, 0, 1
10.518422, 1, 1
10.518448, 0, 1
10.518682, 1, 1
10.535540, 0, 1
10.535774, 1, 1
10.535800, 0, 1
10.536035, 1, 1
10.536061, 0, 1
10.536295, 1, 1
10.536321, 0, 1
10.536556, 1, 1
10.536582, 0, 1
10.536816, 1, 1
10.536843, 0, 1
10.537077, 1, 1
10.537103, 0, 1
10.537338, 1, 1
10.537364, 0, 1
10.537598, 1, 1
10.537624, 0, 1
10.537859, 1, 1
10.537885, 0, 1
10.538119, 1, 1
10.538145, 0, 1
10.538380, 1, 1
10.538406, 0, 1
10.538640, 1, 1
10.538666, 0, 1
10.538901, 1, 1
10.538927, 0, 1
10.539161, 1, 1
10.539187, 0, 1
10.539422, 1, 1
10.539448, 0, 1
10.539683, 1, 1
10.556644, 0, 1
10.556879, 1, 1
10.556905, 0, 1
10.557139, 1, 1
10.557165, 0, 1
10.557400, 1, 1
10.557426, 0, 1
10.557660, 1, 1
10.557686, 0, 1
10.557921, 1, 1
10.557947, 0, 1
10.558181, 1, 1
10.558207, 0, 1
10.558442, 1, 1
10.558468, 0, 1
10.558702, 1, 1
10.558728, 0, 1
10.558963, 1, 1
10.558989, 0, 1
10.559223, 1, 1
10.559249, 0, 1
10.559484, 1, 1
10.559510, 0, 1
10.559745, 1, 1
10.559771, 0, 1
10.560005, 1, 1
10.560031, 0, 1
10.560266, 1, 1
10.560292, 0, 1
10.560526, 1, 1
10.560552, 0, 1
10.560787, 1, 1
10.577540, 0, 1
10.577774, 1, 1
10.577800, 0, 1
10.578035, 1, 1
10.578061, 0, 1
10.578295, 1, 1
10.578321, 0, 1
10.578556, 1, 1
10.578582, 0, 1
10.578816, 1, 1
10.578843, 0, 1
10.579077, 1, 1
10.579103, 0, 1
10.579338, 1, 1
10.579364, 0, 1
10.579598, 1, 1
10.579624, 0, 1
10.579859, 1, 1
10.579885, 0, 1
10.580119, 1, 1
10.580145, 0, 1
10.580380, 1, 1
10.580406, 0, 1
10.580640, 1, 1
10.580666, 0, 1
10.580901, 1, 1
10.580927, 0, 1
10.581161, 1, 1
10.581187, 0, 1
10.581422, 1, 1
10.581448, 0, 1
10.581683, 1, 1
10.598644, 0, 1
10.598879, 1, 1
10.598905, 0, 1
10.599139, 1, 1
10.599165, 0, 1
10.599400, 1, 1
10.599426, 0, 1
10.599660, 1, 1
10.599686, 0, 1
10.599921, 1, 1
10.599947, 0, 1
10.600181, 1, 1
10.600207, 0, 1
10.600442, 1, 1
10.600468, 0, 1
10.600702, 1, 1
10.600728, 0, 1
10.600963, 1, 1
10.600989, 0, 1
10.601223, 1, 1
10.601249, 0, 1
10.601484, 1, 1
10.601510, 0, 1
10.601745, 1, 1
10.601771, 0, 1
10.602005, 1, 1
10.602031, 0, 1
10.602266, 1, 1
10.602292, 0, 1
10.602526, 1, 1
10.602552, 0, 1
10.602787, 1, 1
10.619540, 0, 1
10.619774, 1, 1
10.619800, 0, 1
10.620035, 1, 1
10.620061, 0, 1
10.620295, 1, 1
10.620321, 0, 1
10.620556, 1, 1
10.620582, 0, 1
10.620816, 1, 1
10.620843, 0, 1
10.621077, 1, 1
10.621103, 0, 1
10.621338, 1, 1
10.621364, 0, 1
10.621598, 1, 1
10.621624, 0, 1
10.621859, 1, 1
10.621885, 0, 1
10.622119, 1, 1
10.622145, 0, 1
10.622380, 1, 1
10.622406, 0, 1
10.622640, 1, 1
10.622666, 0, 1
10.622901, 1, 1
10.622927, 0, 1
10.623161, 1, 1
10.623187, 0, 1
10.623422, 1, 1
10.623448, 0, 1
10.623683, 1, 1
10.639735, 1, 0
10.639761, 1, 1
10.639787, 1, 0
10.639969, 1, 1
10.639995, 1, 0
10.640047, 1, 1
10.640073, 1, 0
10.640099, 1, 1
10.640125, 1, 0
10.640229, 1, 1
10.640255, 1, 0
10.640411, 1, 1
10.640437, 1, 0
10.640489, 1, 1
10.640515, 1, 0
10.640554, 0, 0
10.640749, 0, 1
10.640775, 0, 0
10.640789, 1, 0
10.640801, 1, 1
10.640815, 0, 1
10.640879, 0, 0
10.640905, 0, 1
10.640931, 0, 0
10.641009, 0, 1
10.641035, 0, 0
10.641049, 1, 0
10.641075, 0, 0
10.641139, 0, 1
10.641165, 0, 0
10.641269, 0, 1
10.641295, 0, 0
10.641310, 1, 0
10.641336, 0, 0
10.641373, 0, 1
10.641399, 0, 0
10.641529, 0, 1
10.641555, 0, 0
10.641571, 1, 0
10.641597, 0, 0
10.641633, 0, 1
10.641659, 0, 0
10.641763, 0, 1
10.641831, 1, 1
10.641857, 0, 1
10.642092, 1, 1
10.642118, 0, 1
10.642352, 1, 1
10.642378, 0, 1
10.642595, 0, 0
10.642613, 1, 0
10.642639, 0, 0
10.642829, 0, 1
10.642855, 0, 0
10.642873, 1, 0
10.642899, 0, 0
10.643089, 0, 1
10.643115, 0, 0
10.643134, 1, 0
10.643141, 1, 1
10.643160, 0, 1
10.643167, 0, 0
10.643245, 0, 1
10.643271, 0, 0
10.643297, 0, 1
10.643394, 1, 1
10.643420, 0, 1
10.643655, 1, 1
10.643681, 0, 1
10.643915, 1, 1
10.643941, 0, 1
10.644176, 1, 1
10.644202, 0, 1
10.644437, 1, 1
10.644463, 0, 1
10.644697, 1, 1
10.662649, 0, 1
10.662883, 1, 1
10.662909, 0, 1
10.663144, 1, 1
10.663170, 0, 1
10.663404, 1, 1
10.663430, 0, 1
10.663665, 1, 1
10.663691, 0, 1
10.663925, 1, 1
10.663951, 0, 1
10.664186, 1, 1
10.664212, 0, 1
10.664446, 1, 1
10.664472, 0, 1
10.664707, 1, 1
10.664733, 0, 1
10.664968, 1, 1
10.664994, 0, 1
10.665228, 1, 1
10.665254, 0, 1
10.665489, 1, 1
10.665515, 0, 1
10.665749, 1, 1
10.665775, 0, 1
10.666010, 1, 1
10.666036, 0, 1
10.666270, 1, 1
10.666296, 0, 1
10.666531, 1, 1
10.666557, 0, 1
10.666791, 1, 1
10.683544, 0, 1
10.683779, 1, 1
10.683805, 0, 1
10.684040, 1, 1
10.684066, 0, 1
10.684300, 1, 1
10.684326, 0, 1
10.684561, 1, 1
10.684587, 0, 1
10.684821, 1, 1
10.684847, 0, 1
10.685082, 1, 1
10.685108, 0, 1
10.685342, 1, 1
10.685368, 0, 1
10.685603, 1, 1
10.685629, 0, 1
10.685863, 1, 1
10.685889, 0, 1
10.686124, 1, 1
10.686150, 0, 1
10.686384, 1, 1
10.686410, 0, 1
10.686645, 1, 1
10.686671, 0, 1
10.686906, 1, 1
10.686932, 0, 1
10.687166, 1, 1
10.687192, 0, 1
10.687427, 1, 1
10.687453, 0, 1
10.687687, 1, 1
10.704675, 0, 1
10.704909, 1, 1
10.704935, 0, 1
10.705170, 1, 1
10.705196, 0, 1
10.705430, 1, 1
10.705456, 0, 1
10.705691, 1, 1
10.705717, 0, 1
10.705951, 1, 1
10.705977, 0, 1
10.706212, 1, 1
10.706238, 0, 1
10.706472, 1, 1
10.706499, 0, 1
10.706733, 1, 1
10.706759, 0, 1
10.706994, 1, 1
10.707020, 0, 1
10.707254, 1, 1
10.707280, 0, 1
10.707515, 1, 1
10.707541, 0, 1
10.707775, 1, 1
10.707801, 0, 1
10.708036, 1, 1
10.708062, 0, 1
10.708296, 1, 1
10.708322, 0, 1
10.708557, 1, 1
10.708583, 0, 1
10.708817, 1, 1
10.725544, 0, 1
10.725779, 1, 1
10.725805, 0, 1
10.726040, 1, 1
10.726066, 0, 1
10.726300, 1, 1
10.726326, 0, 1
10.726561, 1, 1
10.726587, 0, 1
10.726821, 1, 1
10.726847, 0, 1
10.727082, 1, 1
10.727108, 0, 1
10.727342, 1, 1
10.727368, 0, 1
10.727603, 1, 1
10.727629, 0, 1
10.727863, 1, 1
10.727889, 0, 1
10.728124, 1, 1
10.728150, 0, 1
10.728384, 1, 1
10.728410, 0, 1
10.728645, 1, 1
10.728671, 0, 1
10.728906, 1, 1
10.728932, 0, 1
10.729166, 1, 1
10.729192, 0, 1
10.729427, 1, 1
10.729453, 0, 1
10.729687, 1, 1
10.746544, 0, 1
10.746779, 1, 1
10.746805, 0, 1
10.747040, 1, 1
10.747066, 0, 1
10.747300, 1, 1
10.747326, 0, 1
10.747561, 1, 1
10.747587, 0, 1
10.747821, 1, 1
10.747847, 0, 1
10.748082, 1, 1
10.748108, 0, 1
10.748342, 1, 1
10.748368, 0, 1
10.748603, 1, 1
10.748629, 0, 1
10.748863, 1, 1
10.748889, 0, 1
10.749124, 1, 1
10.749150, 0, 1
10.749384, 1, 1
10.749410, 0, 1
10.749645, 1, 1
10.749671, 0, 1
10.749906, 1, 1
10.749932, 0, 1
10.750166, 1, 1
10.750192, 0, 1
10.750427, 1, 1
10.750453, 0, 1
10.750687, 1, 1
10.767675, 0, 1
10.767909, 1, 1
10.767935, 0, 1
10.768170, 1, 1
10.768196, 0, 1
10.768430, 1, 1
10.768456, 0, 1
10.768691, 1, 1
10.768717, 0, 1
10.768951, 1, 1
10.768977, 0, 1
10.769212, 1, 1
10.769238, 0, 1
10.769472, 1, 1
10.769499, 0, 1
10.769733, 1, 1
10.769759, 0, 1
10.769994, 1, 1
10.770020, 0, 1
10.770254, 1, 1
10.770280, 0, 1
10.770515, 1, 1
10.770541, 0, 1
10.770775, 1, 1
10.770801, 0, 1
10.771036, 1, 1
10.771062, 0, 1
10.771296, 1, 1
10.771322, 0, 1
10.771557, 1, 1
10.771583, 0, 1
10.771817, 1, 1
10.788544, 0, 1
10.788779, 1, 1
10.788805, 0, 1
10.789040, 1, 1
10.789066, 0, 1
10.789300, 1, 1
10.789326, 0, 1
10.789561, 1, 1
10.789587, 0, 1
10.789821, 1, 1
10.789847, 0, 1
10.790082, 1, 1
10.790108, 0, 1
10.790342, 1, 1
10.790368, 0, 1
10.790603, 1, 1
10.790629, 0, 1
10.790863, 1, 1
10.790889, 0, 1
10.791124, 1, 1
10.791150, 0, 1
10.791384, 1, 1
10.791410, 0, 1
10.791645, 1, 1
10.791671, 0, 1
10.791906, 1, 1
10.791932, 0, 1
10.792166, 1, 1
10.792192, 0, 1
10.792427, 1, 1
10.792453, 0, 1
10.792687, 1, 1
10.809675, 0, 1
10.809909, 1, 1
10.809935, 0, 1
10.810170, 1, 1
10.810196, 0, 1
10.810430, 1, 1
10.810456, 0, 1
10.810691, 1, 1
10.810717, 0, 1
10.810951, 1, 1
10.810977, 0, 1
10.811212, 1, 1
10.811238, 0, 1
10.811473, 1, 1
10.811499, 0, 1
10.811733, 1, 1
10.811759, 0, 1
10.811994, 1, 1
10.812020, 0, 1
10.812254, 1, 1
10.812280, 0, 1
10.812515, 1, 1
10.812541, 0, 1
10.812775, 1, 1
10.812801, 0, 1
10.813036, 1, 1
10.813062, 0, 1
10.813296, 1, 1
10.813322, 0, 1
10.813557, 1, 1
10.813583, 0, 1
10.813817, 1, 1
10.830544, 0, 1
10.830779, 1, 1
10.830805, 0, 1
10.831040, 1, 1
10.831066, 0, 1
10.831300, 1, 1
10.831326, 0, 1
10.831561, 1, 1
10.831587, 0, 1
10.831821, 1, 1
10.831847, 0, 1
10.832082, 1, 1
10.832108, 0, 1
10.832342, 1, 1
10.832368, 0, 1
10.832603, 1, 1
10.832629, 0, 1
10.832863, 1, 1
10.832889, 0, 1
10.833124, 1, 1
10.833150, 0, 1
10.833384, 1, 1
10.833410, 0, 1
10.833645, 1, 1
10.833671, 0, 1
10.833906, 1, 1
10.833932, 0, 1
10.834166, 1, 1
10.834192, 0, 1
10.834427, 1, 1
10.834453, 0, 1
10.834687, 1, 1
10.931610, 0, 1
10.931636, 1, 1
10.931662, 0, 1
10.931845, 1, 1
10.931871, 0, 1
10.931949, 1, 1
10.932001, 0, 1
10.932105, 1, 1
10.932131, 0, 1
10.932236, 1, 1
10.932340, 0, 1
10.932366, 1, 1
10.932392, 0, 1
10.932444, 1, 1
10.932470, 0, 1
10.932626, 1, 1
10.932652, 0, 1
10.932678, 1, 1
10.932705, 0, 1
10.932887, 1, 1
10.932913, 0, 1
10.932939, 1, 1
10.932965, 0, 1
10.932991, 1, 1
10.933017, 0, 1
10.933147, 1, 1
10.933173, 0, 1
10.933200, 1, 1
10.933252, 0, 1
10.933382, 1, 1
10.933434, 0, 1
10.933460, 1, 1
10.933486, 0, 1
10.933512, 1, 1
10.933538, 0, 1
10.933590, 1, 1
10.933616, 0, 1
10.933669, 1, 1
10.933695, 0, 1
10.933929, 1, 1
10.933955, 0, 1
10.934033, 1, 1
10.934059, 0, 1
10.934190, 1, 1
10.934216, 0, 1
10.934242, 1, 1
10.934268, 0, 1
10.934346, 1, 1
10.934398, 0, 1
10.934424, 1, 1
10.934476, 0, 1
10.934554, 1, 1
10.934580, 0, 1
10.934711, 1, 1
10.934737, 0, 1
10.934763, 1, 1
10.934789, 0, 1
10.934815, 1, 1
10.934867, 0, 1
10.934893, 1, 1
11.131579, 0, 1
11.131814, 1, 1
11.131840, 0, 1
11.132074, 1, 1
11.132100, 0, 1
11.132335, 1, 1
11.132361, 0, 1
11.132595, 1, 1
11.132621, 0, 1
11.132856, 1, 1
11.132882, 0, 1
11.133116, 1, 1
11.133143, 0, 1
11.133377, 1, 1
11.133403, 0, 1
11.133638, 1, 1
11.133664, 0, 1
11.133898, 1, 1
11.133924, 0, 1
11.134159, 1, 1
11.134185, 0, 1
11.134419, 1, 1
11.134445, 0, 1
11.134680, 1, 1
11.134706, 0, 1
11.134940, 1, 1
11.134966, 0, 1
11.135201, 1, 1
11.135227, 0, 1
11.135461, 1, 1
11.135487, 0, 1
11.135722, 1, 1
11.147750, 1, 0
11.147776, 1, 1
11.147802, 1, 0
11.147984, 1, 1
11.148010, 1, 0
11.148062, 1, 1
11.148088, 1, 0
11.148114, 1, 1
11.148140, 1, 0
11.148244, 1, 1
11.148270, 1, 0
11.148426, 1, 1
11.148452, 1, 0
11.148504, 1, 1
11.148530, 1, 0
11.148764, 1, 1
11.148790, 1, 0
11.148816, 1, 1
11.148894, 1, 0
11.148920, 1, 1
11.148946, 1, 0
11.149024, 1, 1
11.149050, 1, 0
11.149154, 1, 1
11.149180, 1, 0
11.149284, 1, 1
11.149310, 1, 0
11.149388, 1, 1
11.149414, 1, 0
11.149544, 1, 1
11.149570, 1, 0
11.149596, 1, 1
11.149622, 1, 0
11.149648, 1, 1
11.149674, 1, 0
11.149700, 1, 1
11.149778, 1, 0
11.149804, 1, 1
11.149830, 1, 0
11.150064, 1, 1
11.150090, 1, 0
11.150324, 1, 1
11.150350, 1, 0
11.150402, 1, 1
11.150428, 1, 0
11.150532, 1, 1
11.152578, 0, 1
11.152813, 1, 1
11.152839, 0, 1
11.153073, 1, 1
11.153099, 0, 1
11.153334, 1, 1
11.153360, 0, 1
11.153594, 1, 1
11.153620, 0, 1
11.153855, 1, 1
11.153881, 0, 1
11.154116, 1, 1
11.154142, 0, 1
11.154376, 1, 1
11.154402, 0, 1
11.154637, 1, 1
11.154663, 0, 1
11.154897, 1, 1
11.154923, 0, 1
11.155158, 1, 1
11.155184, 0, 1
11.155418, 1, 1
11.155444, 0, 1
11.155679, 1, 1
11.155705, 0, 1
11.155939, 1, 1
11.155965, 0, 1
11.156200, 1, 1
11.156226, 0, 1
11.156460, 1, 1
11.156486, 0, 1
11.156721, 1, 1
11.174699, 0, 1
11.174933, 1, 1
11.174959, 0, 1
11.175194, 1, 1
11.175220, 0, 1
11.175454, 1, 1
11.175480, 0, 1
11.175715, 1, 1
11.175741, 0, 1
11.175975, 1, 1
11.176001, 0, 1
11.176236, 1, 1
11.176262, 0, 1
11.176496, 1, 1
11.176522, 0, 1
11.176757, 1, 1
11.176783, 0, 1
11.177018, 1, 1
11.177044, 0, 1
11.177278, 1, 1
11.177304, 0, 1
11.177539, 1, 1
11.177565, 0, 1
11.177799, 1, 1
11.177825, 0, 1
11.178060, 1, 1
11.178086, 0, 1
11.178320, 1, 1
11.178346, 0, 1
11.178581, 1, 1
11.178607, 0, 1
11.178841, 1, 1
11.195568, 0, 1
11.195803, 1, 1
11.195829, 0, 1
11.196063, 1, 1
11.196089, 0, 1
11.196324, 1, 1
11.196350, 0, 1
11.196585, 1, 1
11.196611, 0, 1
11.196845, 1, 1
11.196871, 0, 1
11.197106, 1, 1
11.197132, 0, 1
11.197366, 1, 1
11.197392, 0, 1
11.197627, 1, 1
11.197653, 0, 1
11.197887, 1, 1
11.197913, 0, 1
11.198148, 1, 1
11.198174, 0, 1
11.198408, 1, 1
11.198434, 0, 1
11.198669, 1, 1
11.198695, 0, 1
11.198929, 1, 1
11.198955, 0, 1
11.199190, 1, 1
11.199216, 0, 1
11.199451, 1, 1
11.199477, 0, 1
11.199711, 1, 1
11.216699, 0, 1
11.216933, 1, 1
11.216959, 0, 1
11.217194, 1, 1
11.217220, 0, 1
11.217454, 1, 1
11.217480, 0, 1
11.217715, 1, 1
11.217741, 0, 1
11.217975, 1, 1
11.218001, 0, 1
11.218236, 1, 1
11.218262, 0, 1
11.218496, 1, 1
11.218522, 0, 1
11.218757, 1, 1
11.218783, 0, 1
11.219018, 1, 1
11.219044, 0, 1
11.219278, 1, 1
11.219304, 0, 1
11.219539, 1, 1
11.219565, 0, 1
11.219799, 1, 1
11.219825, 0, 1
11.220060, 1, 1
11.220086, 0, 1
11.220320, 1, 1
11.220346, 0, 1
11.220581, 1, 1
11.220607, 0, 1
11.220841, 1, 1
11.237594, 0, 1
11.237829, 1, 1
11.237855, 0, 1
11.238089, 1, 1
11.238116, 0, 1
11.238350, 1, 1
11.238376, 0, 1
11.238611, 1, 1
11.238637, 0, 1
11.238871, 1, 1
11.238897, 0, 1
11.239132, 1, 1
11.239158, 0, 1
11.239392, 1, 1
11.239418, 0, 1
11.239653, 1, 1
11.239679, 0, 1
11.239913, 1, 1
11.239939, 0, 1
11.240174, 1, 1
11.240200, 0, 1
11.240434, 1, 1
11.240460, 0, 1
11.240695, 1, 1
11.240721, 0, 1
11.240955, 1, 1
11.240982, 0, 1
11.241216, 1, 1
11.241242, 0, 1
11.241477, 1, 1
11.241503, 0, 1
11.241737, 1, 1
11.258594, 0, 1
11.258829, 1, 1
11.258855, 0, 1
11.259090, 1, 1
11.259116, 0, 1
11.259350, 1, 1
11.259376, 0, 1
11.259611, 1, 1
11.259637, 0, 1
11.259871, 1, 1
11.259897, 0, 1
11.260132, 1, 1
11.260158, 0, 1
11.260392, 1, 1
11.260418, 0, 1
11.260653, 1, 1
11.260679, 0, 1
11.260913, 1, 1
11.260939, 0, 1
11.261174, 1, 1
11.261200, 0, 1
11.261434, 1, 1
11.261460, 0, 1
11.261695, 1, 1
11.261721, 0, 1
11.261955, 1, 1
11.261982, 0, 1
11.262216, 1, 1
11.262242, 0, 1
11.262477, 1, 1
11.262503, 0, 1
11.262737, 1, 1
11.279699, 0, 1
11.279933, 1, 1
11.279959, 0, 1
11.280194, 1, 1
11.280220, 0, 1
11.280454, 1, 1
11.280480, 0, 1
11.280715, 1, 1
11.280741, 0, 1
11.280975, 1, 1
11.281001, 0, 1
11.281236, 1, 1
11.281262, 0, 1
11.281496, 1, 1
11.281522, 0, 1
11.281757, 1, 1
11.281783, 0, 1
11.282018, 1, 1
11.282044, 0, 1
11.282278, 1, 1
11.282304, 0, 1
11.282539, 1, 1
11.282565, 0, 1
11.282799, 1, 1
11.282825, 0, 1
11.283060, 1, 1
11.283086, 0, 1
11.283320, 1, 1
11.283346, 0, 1
11.283581, 1, 1
11.283607, 0, 1
11.283841, 1, 1
11.300594, 0, 1
11.300829, 1, 1
11.300855, 0, 1
11.301090, 1, 1
11.301116, 0, 1
11.301350, 1, 1
11.301376, 0, 1
11.301611, 1, 1
11.301637, 0, 1
11.301871, 1, 1
11.301897, 0, 1
11.302132, 1, 1
11.302158, 0, 1
11.302392, 1, 1
11.302418, 0, 1
11.302653, 1, 1
11.302679, 0, 1
11.302913, 1, 1
11.302939, 0, 1
11.303174, 1, 1
11.303200, 0, 1
11.303434, 1, 1
11.303460, 0, 1
11.303695, 1, 1
11.303721, 0, 1
11.303956, 1, 1
11.303982, 0, 1
11.304216, 1, 1
11.304242, 0, 1
11.304477, 1, 1
11.304503, 0, 1
11.304737, 1, 1
11.321699, 0, 1
11.321933, 1, 1
11.321959, 0, 1
11.322194, 1, 1
11.322220, 0, 1
11.322454, 1, 1
11.322480, 0, 1
11.322715, 1, 1
11.322741, 0, 1
11.322975, 1, 1
11.323001, 0, 1
11.323236, 1, 1
11.323262, 0, 1
11.323496, 1, 1
11.323522, 0, 1
11.323757, 1, 1
11.323783, 0, 1
11.324018, 1, 1
11.324044, 0, 1
11.324278, 1, 1
11.324304, 0, 1
11.324539, 1, 1
11.324565, 0, 1
11.324799, 1, 1
11.324825, 0, 1
11.325060, 1, 1
11.325086, 0, 1
11.325320, 1, 1
11.325346, 0, 1
11.325581, 1, 1
11.325607, 0, 1
11.325841, 1, 1
11.342594, 0, 1
11.342829, 1, 1
11.342855, 0, 1
11.343090, 1, 1
11.343116, 0, 1
11.343350, 1, 1
11.343376, 0, 1
11.343611, 1, 1
11.343637, 0, 1
11.343871, 1, 1
11.343897, 0, 1
11.344132, 1, 1
11.344158, 0, 1
11.344392, 1, 1
11.344418, 0, 1
11.344653, 1, 1
11.344679, 0, 1
11.344913, 1, 1
11.344939, 0, 1
11.345174, 1, 1
11.345200, 0, 1
11.345434, 1, 1
11.345460, 0, 1
11.345695, 1, 1
11.345721, 0, 1
11.345956, 1, 1
11.345982, 0, 1
11.346216, 1, 1
11.346242, 0, 1
11.346477, 1, 1
11.346503, 0, 1
11.346737, 1, 1
11.363594, 0, 1
11.363829, 1, 1
11.363855, 0, 1
11.364090, 1, 1
11.364116, 0, 1
11.364350, 1, 1
11.364376, 0, 1
11.364611, 1, 1
11.364637, 0, 1
11.364871, 1, 1
11.364897, 0, 1
11.365132, 1, 1
11.365158, 0, 1
11.365392, 1, 1
11.365418, 0, 1
11.365653, 1, 1
11.365679, 0, 1
11.365913, 1, 1
11.365939, 0, 1
11.366174, 1, 1
11.366200, 0, 1
11.366434, 1, 1
11.366460, 0, 1
11.366695, 1, 1
11.366721, 0, 1
11.366956, 1, 1
11.366982, 0, 1
11.367216, 1, 1
11.367242, 0, 1
11.367477, 1, 1
11.367503, 0, 1
11.367737, 1, 1
11.384699, 0, 1
11.384933, 1, 1
11.384959, 0, 1
11.385194, 1, 1
11.385220, 0, 1
11.385454, 1, 1
11.385480, 0, 1
11.385715, 1, 1
11.385741, 0, 1
11.385975, 1, 1
11.386001, 0, 1
11.386236, 1, 1
11.386262, 0, 1
11.386496, 1, 1
11.386522, 0, 1
11.386757, 1, 1
11.386783, 0, 1
11.387018, 1, 1
11.387044, 0, 1
11.387278, 1, 1
11.387304, 0, 1
11.387539, 1, 1
11.387565, 0, 1
11.387799, 1, 1
11.387825, 0, 1
11.388060, 1, 1
11.388086, 0, 1
11.388320, 1, 1
11.388346, 0, 1
11.388581, 1, 1
11.388607, 0, 1
11.388841, 1, 1
11.405594, 0, 1
11.405829, 1, 1
11.405855, 0, 1
11.406090, 1, 1
11.406116, 0, 1
11.406350, 1, 1
11.406376, 0, 1
11.406611, 1, 1
11.406637, 0, 1
11.406871, 1, 1
11.406897, 0, 1
11.407132, 1, 1
11.407158, 0, 1
11.407392, 1, 1
11.407418, 0, 1
11.407653, 1, 1
11.407679, 0, 1
11.407913, 1, 1
11.407939, 0, 1
11.408174, 1, 1
11.408200, 0, 1
11.408434, 1, 1
11.408460, 0, 1
11.408695, 1, 1
11.408721, 0, 1
11.408956, 1, 1
11.408982, 0, 1
11.409216, 1, 1
11.409242, 0, 1
11.409477, 1, 1
11.409503, 0, 1
11.409737, 1, 1
11.426699, 0, 1
11.426933, 1, 1
11.426959, 0, 1
11.427194, 1, 1
11.427220, 0, 1
11.427454, 1, 1
11.427480, 0, 1
11.427715, 1, 1
11.427741, 0, 1
11.427975, 1, 1
11.428001, 0, 1
11.428236, 1, 1
11.428262, 0, 1
11.428496, 1, 1
11.428522, 0, 1
11.428757, 1, 1
11.428783, 0, 1
11.429018, 1, 1
11.429044, 0, 1
11.429278, 1, 1
11.429304, 0, 1
11.429539, 1, 1
11.429565, 0, 1
11.429799, 1, 1
11.429825, 0, 1
11.430060, 1, 1
11.430086, 0, 1
11.430320, 1, 1
11.430346, 0, 1
11.430581, 1, 1
11.430607, 0, 1
11.430841, 1, 1
11.447594, 0, 1
11.447829, 1, 1
11.447855, 0, 1
11.448090, 1, 1
11.448116, 0, 1
11.448350, 1, 1
11.448376, 0, 1
11.448611, 1, 1
11.448637, 0, 1
11.448871, 1, 1
11.448897, 0, 1
11.449132, 1, 1
11.449158, 0, 1
11.449392, 1, 1
11.449418, 0, 1
11.449653, 1, 1
11.449679, 0, 1
11.449913, 1, 1
11.449939, 0, 1
11.450174, 1, 1
11.450200, 0, 1
11.450434, 1, 1
11.450460, 0, 1
11.450695, 1, 1
11.450721, 0, 1
11.450956, 1, 1
11.450982, 0, 1
11.451216, 1, 1
11.451242, 0, 1
11.451477, 1, 1
11.451503, 0, 1
11.451737, 1, 1
11.468594, 0, 1
11.468829, 1, 1
11.468855, 0, 1
11.469090, 1, 1
11.469116, 0, 1
11.469350, 1, 1
11.469376, 0, 1
11.469611, 1, 1
11.469637, 0, 1
11.469871, 1, 1
11.469897, 0, 1
11.470132, 1, 1
11.470158, 0, 1
11.470392, 1, 1
11.470418, 0, 1
11.470653, 1, 1
11.470679, 0, 1
11.470913, 1, 1
11.470939, 0, 1
11.471174, 1, 1
11.471200, 0, 1
11.471434, 1, 1
11.471460, 0, 1
11.471695, 1, 1
11.471721, 0, 1
11.471956, 1, 1
11.471982, 0, 1
11.472216, 1, 1
11.472242, 0, 1
11.472477, 1, 1
11.472503, 0, 1
11.472737, 1, 1
11.569608, 0, 1
11.569634, 1, 1
11.569660, 0, 1
11.569843, 1, 1
11.569869, 0, 1
11.569895, 1, 1
11.569921, 0, 1
11.569947, 1, 1
11.569973, 0, 1
11.570103, 1, 1
11.570129, 0, 1
11.570155, 1, 1
11.570181, 0, 1
11.570286, 1, 1
11.570312, 0, 1
11.570364, 1, 1
11.570390, 0, 1
11.570624, 1, 1
11.570650, 0, 1
11.570702, 1, 1
11.570728, 0, 1
11.570807, 1, 1
11.570833, 0, 1
11.570885, 1, 1
11.570911, 0, 1
11.571015, 1, 1
11.571041, 0, 1
11.571093, 1, 1
11.571119, 0, 1
11.571145, 1, 1
11.603948, 1, 0
11.603974, 1, 1
11.604000, 1, 0
11.604182, 1, 1
11.604208, 1, 0
11.604286, 1, 1
11.604312, 1, 0
11.604442, 1, 1
11.604468, 1, 0
11.604494, 1, 1
11.604520, 1, 0
11.604624, 1, 1
11.604650, 1, 0
11.604676, 1, 1
11.604728, 1, 0
11.604962, 1, 1
11.604988, 1, 0
11.605014, 1, 1
11.605040, 1, 0
11.605066, 1, 1
11.605092, 1, 0
11.605144, 1, 1
11.605170, 1, 0
11.605196, 1, 1
11.654778, 1, 0
11.654804, 1, 1
11.654830, 1, 0
11.655012, 1, 1
11.655038, 1, 0
11.655090, 1, 1
11.655116, 1, 0
11.655142, 1, 1
11.655168, 1, 0
11.655272, 1, 1
11.655298, 1, 0
11.655454, 1, 1
11.655480, 1, 0
11.655532, 1, 1
11.655558, 1, 0
11.655792, 1, 1
11.655818, 1, 0
11.655844, 1, 1
11.655922, 1, 0
11.655948, 1, 1
11.655974, 1, 0
11.656052, 1, 1
11.656078, 1, 0
11.656182, 1, 1
11.656208, 1, 0
11.656312, 1, 1
11.656338, 1, 0
11.656416, 1, 1
11.656442, 1, 0
11.656572, 1, 1
11.656598, 1, 0
11.656624, 1, 1
11.656702, 1, 0
11.656754, 1, 1
11.656806, 1, 0
11.656832, 1, 1
11.656858, 1, 0
11.657092, 1, 1
11.657118, 1, 0
11.657352, 1, 1
11.657378, 1, 0
11.657456, 1, 1
11.657482, 1, 0
11.657508, 1, 1
11.657560, 1, 0
11.657586, 1, 1
11.706700, 1, 0
11.706726, 1, 1
11.706752, 1, 0
11.706934, 1, 1
11.706960, 1, 0
11.707038, 1, 1
11.707064, 1, 0
11.707090, 1, 1
11.707116, 1, 0
11.707194, 1, 1
11.707220, 1, 0
11.707272, 1, 1
11.707298, 1, 0
11.707376, 1, 1
11.707402, 1, 0
11.707454, 1, 1
11.707480, 1, 0
11.707714, 1, 1
11.707740, 1, 0
11.707766, 1, 1
11.707792, 1, 0
11.707818, 1, 1
11.707844, 1, 0
11.707922, 1, 1
11.707948, 1, 0
11.707974, 1, 1
11.708000, 1, 0
11.708052, 1, 1
11.708078, 1, 0
11.708130, 1, 1
11.708156, 1, 0
11.708234, 1, 1
11.708260, 1, 0
11.708338, 1, 1
11.708364, 1, 0
11.708442, 1, 1
11.708468, 1, 0
11.708494, 1, 1
11.708520, 1, 0
11.708546, 1, 1
11.708572, 1, 0
11.708624, 1, 1
11.708676, 1, 0
11.708754, 1, 1
11.708780, 1, 0
11.709014, 1, 1
11.709040, 1, 0
11.709092, 1, 1
11.709118, 1, 0
11.709144, 1, 1
11.709170, 1, 0
11.709196, 1, 1
11.709300, 1, 0
11.709534, 1, 1
11.709560, 1, 0
11.709794, 1, 1
11.709820, 1, 0
11.710054, 1, 1
11.710080, 1, 0
11.710158, 1, 1
11.710184, 1, 0
11.710314, 1, 1
11.710340, 1, 0
11.710392, 1, 1
11.710418, 1, 0
11.710444, 1, 1
11.710600, 1, 0
11.710626, 1, 1
11.710704, 1, 0
11.710756, 1, 1
11.710808, 1, 0
11.710834, 1, 1
11.710860, 1, 0
11.711094, 1, 1
11.711120, 1, 0
11.711250, 1, 1
11.711276, 1, 0
11.711328, 1, 1
11.711380, 1, 0
11.711406, 1, 1
11.711432, 1, 0
11.711614, 1, 1
11.711640, 1, 0
11.711874, 1, 1
11.711900, 1, 0
11.711952, 1, 1
11.711978, 1, 0
11.712004, 1, 1
11.712030, 1, 0
11.712082, 1, 1
11.757505, 1, 0
11.757531, 1, 1
11.757557, 1, 0
11.757739, 1, 1
11.757765, 1, 0
11.757817, 1, 1
11.757843, 1, 0
11.757869, 1, 1
11.757895, 1, 0
11.757999, 1, 1
11.758025, 1, 0
11.758181, 1, 1
11.758207, 1, 0
11.758259, 1, 1
11.758285, 1, 0
11.758519, 1, 1
11.758545, 1, 0
11.758571, 1, 1
11.758649, 1, 0
11.758675, 1, 1
11.758701, 1, 0
11.758779, 1, 1
11.758805, 1, 0
11.758909, 1, 1
11.758935, 1, 0
11.759039, 1, 1
11.759065, 1, 0
11.759143, 1, 1
11.759169, 1, 0
11.759299, 1, 1
11.759325, 1, 0
11.759351, 1, 1
11.759377, 1, 0
11.759403, 1, 1
11.759429, 1, 0
11.759481, 1, 1
11.759533, 1, 0
11.759559, 1, 1
11.759585, 1, 0
11.759819, 1, 1
11.759845, 1, 0
11.760079, 1, 1
11.760807, 1, 0
11.760859, 1, 1
11.760885, 1, 0
11.760937, 1, 1
11.760989, 1, 0
11.761015, 1, 1
12.164406, 1, 0
12.164432, 1, 1
12.164458, 1, 0
12.164640, 1, 1
12.164666, 1, 0
12.164718, 1, 1
12.164744, 1, 0
12.164770, 1, 1
12.164796, 1, 0
12.164900, 1, 1
12.164926, 1, 0
12.165082, 1, 1
12.165108, 1, 0
12.165160, 1, 1
12.165186, 1, 0
12.165420, 1, 1
12.165446, 1, 0
12.165472, 1, 1
12.165550, 1, 0
12.165576, 1, 1
12.165602, 1, 0
12.165680, 1, 1
12.165706, 1, 0
12.165810, 1, 1
12.165836, 1, 0
12.165940, 1, 1
12.165966, 1, 0
12.166044, 1, 1
12.166070, 1, 0
12.166200, 1, 1
12.166226, 1, 0
12.166252, 1, 1
12.166278, 1, 0
12.166304, 1, 1
12.166330, 1, 0
12.166356, 1, 1
12.166382, 1, 0
12.166408, 1, 1
12.166434, 1, 0
12.166460, 1, 1
12.166486, 1, 0
12.166720, 1, 1
12.166746, 1, 0
12.166980, 1, 1
12.167006, 1, 0
12.167058, 1, 1
12.167084, 1, 0
12.167162, 1, 1
12.167188, 1, 0
12.167214, 1, 1
12.672604, 1, 0
12.672630, 1, 1
12.672656, 1, 0
12.672838, 1, 1
12.672864, 1, 0
12.672916, 1, 1
12.672942, 1, 0
12.672968, 1, 1
12.672994, 1, 0
12.673098, 1, 1
12.673124, 1, 0
12.673280, 1, 1
12.673306, 1, 0
12.673358, 1, 1
12.673384, 1, 0
12.673618, 1, 1
12.673644, 1, 0
12.673670, 1, 1
12.673748, 1, 0
12.673774, 1, 1
12.673800, 1, 0
12.673878, 1, 1
12.673904, 1, 0
12.674008, 1, 1
12.674034, 1, 0
12.674138, 1, 1
12.674164, 1, 0
12.674242, 1, 1
12.674268, 1, 0
12.674398, 1, 1
12.674424, 1, 0
12.674476, 1, 1
12.674528, 1, 0
12.674606, 1, 1
12.674632, 1, 0
12.674658, 1, 1
12.674684, 1, 0
12.674918, 1, 1
12.674944, 1, 0
12.675178, 1, 1
12.675204, 1, 0
12.675230, 1, 1
12.675282, 1, 0
12.675334, 1, 1
12.675360, 1, 0
12.675412, 1, 1
13.181218, 1, 0
13.181244, 1, 1
13.181270, 1, 0
13.181452, 1, 1
13.181478, 1, 0
13.181530, 1, 1
13.181556, 1, 0
13.181582, 1, 1
13.181608, 1, 0
13.181712, 1, 1
13.181738, 1, 0
13.181894, 1, 1
13.181920, 1, 0
13.181972, 1, 1
13.181998, 1, 0
13.182232, 1, 1
13.182258, 1, 0
13.182284, 1, 1
13.182362, 1, 0
13.182388, 1, 1
13.182414, 1, 0
13.182492, 1, 1
13.182518, 1, 0
13.182622, 1, 1
13.182648, 1, 0
13.182752, 1, 1
13.182778, 1, 0
13.182856, 1, 1
13.182882, 1, 0
13.183012, 1, 1
13.183038, 1, 0
13.183064, 1, 1
13.183142, 1, 0
13.183168, 1, 1
13.183220, 1, 0
13.183272, 1, 1
13.183298, 1, 0
13.183532, 1, 1
13.183558, 1, 0
13.183792, 1, 1
13.183818, 1, 0
13.183896, 1, 1
13.183922, 1, 0
13.184026, 1, 1
13.687362, 1, 0
13.687388, 1, 1
13.687414, 1, 0
13.687596, 1, 1
13.687622, 1, 0
13.687674, 1, 1
13.687700, 1, 0
13.687726, 1, 1
13.687752, 1, 0
13.687856, 1, 1
13.687882, 1, 0
13.688038, 1, 1
13.688064, 1, 0
13.688116, 1, 1
13.688142, 1, 0
13.688376, 1, 1
13.688402, 1, 0
13.688428, 1, 1
13.688506, 1, 0
13.688532, 1, 1
13.688558, 1, 0
13.688636, 1, 1
13.688662, 1, 0
13.688766, 1, 1
13.688792, 1, 0
13.688896, 1, 1
13.688922, 1, 0
13.689000, 1, 1
13.689026, 1, 0
13.689156, 1, 1
13.689182, 1, 0
13.689286, 1, 1
13.689312, 1, 0
13.689338, 1, 1
13.689364, 1, 0
13.689416, 1, 1
13.689442, 1, 0
13.689676, 1, 1
13.689702, 1, 0
13.689936, 1, 1
13.689962, 1, 0
13.689988, 1, 1
13.690014, 1, 0
13.690040, 1, 1
13.690066, 1, 0
13.690092, 1, 1
13.690170, 1, 0
13.690196, 1, 1
14.194260, 1, 0
14.194286, 1, 1
14.194312, 1, 0
14.194494, 1, 1
14.194520, 1, 0
14.194572, 1, 1
14.194598, 1, 0
14.194624, 1, 1
14.194650, 1, 0
14.194754, 1, 1
14.194780, 1, 0
14.194936, 1, 1
14.194962, 1, 0
14.195014, 1, 1
14.195040, 1, 0
14.195274, 1, 1
14.195300, 1, 0
14.195326, 1, 1
14.195404, 1, 0
14.195430, 1, 1
14.195456, 1, 0
14.195534, 1, 1
14.195560, 1, 0
14.195664, 1, 1
14.195690, 1, 0
14.195794, 1, 1
14.195820, 1, 0
14.195898, 1, 1
14.195924, 1, 0
14.196054, 1, 1
14.196080, 1, 0
14.196106, 1, 1
14.196132, 1, 0
14.196184, 1, 1
14.196236, 1, 0
14.196314, 1, 1
14.196340, 1, 0
14.196574, 1, 1
14.196600, 1, 0
14.196834, 1, 1
14.196860, 1, 0
14.196912, 1, 1
14.196964, 1, 0
14.197016, 1, 1
14.197068, 1, 0
14.197094, 1, 1
14.701417, 1, 0
14.701443, 1, 1
14.701469, 1, 0
14.701651, 1, 1
14.701677, 1, 0
14.701729, 1, 1
14.701755, 1, 0
14.701781, 1, 1
14.701807, 1, 0
14.701911, 1, 1
14.701937, 1, 0
14.702093, 1, 1
14.702119, 1, 0
14.702171, 1, 1
14.702197, 1, 0
14.702431, 1, 1
14.702457, 1, 0
14.702483, 1, 1
14.702561, 1, 0
14.702587, 1, 1
14.702613, 1, 0
14.702691, 1, 1
14.702717, 1, 0
14.702821, 1, 1
14.702847, 1, 0
14.702951, 1, 1
14.702977, 1, 0
14.703055, 1, 1
14.703081, 1, 0
14.703211, 1, 1
14.703237, 1, 0
14.703263, 1, 1
14.703315, 1, 0
14.703341, 1, 1
14.703367, 1, 0
14.703471, 1, 1
14.703497, 1, 0
14.703731, 1, 1
14.703757, 1, 0
14.703991, 1, 1
14.704017, 1, 0
14.704121, 1, 1
14.704173, 1, 0
14.704199, 1, 1
14.704225, 1, 0
14.704251, 1, 1
15.208471, 1, 0
15.208497, 1, 1
15.208523, 1, 0
15.208705, 1, 1
15.208731, 1, 0
15.208783, 1, 1
15.208809, 1, 0
15.208835, 1, 1
15.208861, 1, 0
15.208965, 1, 1
15.208991, 1, 0
15.209147, 1, 1
15.209173, 1, 0
15.209225, 1, 1
15.209251, 1, 0
15.209485, 1, 1
15.209511, 1, 0
15.209537, 1, 1
15.209615, 1, 0
15.209641, 1, 1
15.209667, 1, 0
15.209745, 1, 1
15.209771, 1, 0
15.209875, 1, 1
15.209901, 1, 0
15.210005, 1, 1
15.210031, 1, 0
15.210109, 1, 1
15.210135, 1, 0
15.210265, 1, 1
15.210291, 1, 0
15.210317, 1, 1
15.210343, 1, 0
15.210525, 1, 1
15.210551, 1, 0
15.210785, 1, 1
15.210811, 1, 0
15.211045, 1, 1
15.211071, 1, 0
15.211123, 1, 1
15.211201, 1, 0
15.211253, 1, 1
15.211279, 1, 0
15.211305, 1, 1
15.714433, 1, 0
15.714459, 1, 1
15.714485, 1, 0
15.714667, 1, 1
15.714693, 1, 0
15.714745, 1, 1
15.714771, 1, 0
15.714797, 1, 1
15.714823, 1, 0
15.714927, 1, 1
15.714953, 1, 0
15.715109, 1, 1
15.715135, 1, 0
15.715187, 1, 1
15.715213, 1, 0
15.715447, 1, 1
15.715473, 1, 0
15.715551, 1, 1
15.715577, 1, 0
15.715603, 1, 1
15.715629, 1, 0
15.715707, 1, 1
15.715733, 1, 0
15.715837, 1, 1
15.715863, 1, 0
15.715941, 1, 1
15.715993, 1, 0
15.716071, 1, 1
15.716097, 1, 0
15.716227, 1, 1
15.716253, 1, 0
15.716279, 1, 1
15.716513, 1, 0
15.716539, 1, 1
15.716773, 1, 0
15.717007, 1, 1
15.717033, 1, 0
15.717137, 1, 1
15.717163, 1, 0
15.717215, 1, 1
16.595946, 0, 1
16.595972, 1, 1
16.595998, 0, 1
16.596181, 1, 1
16.596207, 0, 1
16.596233, 1, 1
16.596259, 0, 1
16.596285, 1, 1
16.596311, 0, 1
16.596441, 1, 1
16.596467, 0, 1
16.596493, 1, 1
16.596519, 0, 1
16.596623, 1, 1
16.596650, 0, 1
16.596702, 1, 1
16.596728, 0, 1
16.596962, 1, 1
16.596988, 0, 1
16.597040, 1, 1
16.597066, 0, 1
16.597145, 1, 1
16.597171, 0, 1
16.597223, 1, 1
16.597249, 0, 1
16.597353, 1, 1
16.597379, 0, 1
16.597431, 1, 1
16.597457, 0, 1
16.597483, 1, 1
16.795967, 0, 1
16.796202, 1, 1
16.796228, 0, 1
16.796462, 1, 1
16.796488, 0, 1
16.796723, 1, 1
16.796749, 0, 1
16.796983, 1, 1
16.797009, 0, 1
16.797244, 1, 1
16.797270, 0, 1
16.797504, 1, 1
16.797530, 0, 1
16.797765, 1, 1
16.797791, 0, 1
16.798025, 1, 1
16.798052, 0, 1
16.798286, 1, 1
16.798312, 0, 1
16.798547, 1, 1
16.798573, 0, 1
16.798807, 1, 1
16.798833, 0, 1
16.799068, 1, 1
16.799094, 0, 1
16.799328, 1, 1
16.799354, 0, 1
16.799589, 1, 1
16.799615, 0, 1
16.799849, 1, 1
16.799875, 0, 1
16.800110, 1, 1
16.817071, 0, 1
16.817306, 1, 1
16.817332, 0, 1
16.817566, 1, 1
16.817592, 0, 1
16.817827, 1, 1
16.817853, 0, 1
16.818088, 1, 1
16.818114, 0, 1
16.818348, 1, 1
16.818374, 0, 1
16.818609, 1, 1
16.818635, 0, 1
16.818869, 1, 1
16.818895, 0, 1
16.819130, 1, 1
16.819156, 0, 1
16.819390, 1, 1
16.819416, 0, 1
16.819651, 1, 1
16.819677, 0, 1
16.819911, 1, 1
16.819937, 0, 1
16.820172, 1, 1
16.820198, 0, 1
16.820432, 1, 1
16.820458, 0, 1
16.820693, 1, 1
16.820719, 0, 1
16.820954, 1, 1
16.820980, 0, 1
16.821214, 1, 1
16.837941, 0, 1
16.838176, 1, 1
16.838202, 0, 1
16.838436, 1, 1
16.838462, 0, 1
16.838697, 1, 1
16.838723, 0, 1
16.838957, 1, 1
16.838983, 0, 1
16.839218, 1, 1
16.839244, 0, 1
16.839478, 1, 1
16.839504, 0, 1
16.839739, 1, 1
16.839765, 0, 1
16.839999, 1, 1
16.840025, 0, 1
16.840260, 1, 1
16.840286, 0, 1
16.840521, 1, 1
16.840547, 0, 1
16.840781, 1, 1
16.840807, 0, 1
16.841042, 1, 1
16.841068, 0, 1
16.841302, 1, 1
16.841328, 0, 1
16.841563, 1, 1
16.841589, 0, 1
16.841823, 1, 1
16.841849, 0, 1
16.842084, 1, 1
16.859071, 0, 1
16.859306, 1, 1
16.859332, 0, 1
16.859566, 1, 1
16.859592, 0, 1
16.859827, 1, 1
16.859853, 0, 1
16.860088, 1, 1
16.860114, 0, 1
16.860348, 1, 1
16.860374, 0, 1
16.860609, 1, 1
16.860635, 0, 1
16.860869, 1, 1
16.860895, 0, 1
16.861130, 1, 1
16.861156, 0, 1
16.861390, 1, 1
16.861416, 0, 1
16.861651, 1, 1
16.861677, 0, 1
16.861911, 1, 1
16.861937, 0, 1
16.862172, 1, 1
16.862198, 0, 1
16.862432, 1, 1
16.862459, 0, 1
16.862693, 1, 1
16.862719, 0, 1
16.862954, 1, 1
16.862980, 0, 1
16.863214, 1, 1
16.879967, 0, 1
16.880202, 1, 1
16.880228, 0, 1
16.880462, 1, 1
16.880488, 0, 1
16.880723, 1, 1
16.880749, 0, 1
16.880983, 1, 1
16.881009, 0, 1
16.881244, 1, 1
16.881270, 0, 1
16.881504, 1, 1
16.881530, 0, 1
16.881765, 1, 1
16.881791, 0, 1
16.882025, 1, 1
16.882052, 0, 1
16.882286, 1, 1
16.882312, 0, 1
16.882547, 1, 1
16.882573, 0, 1
16.882807, 1, 1
16.882833, 0, 1
16.883068, 1, 1
16.883094, 0, 1
16.883328, 1, 1
16.883354, 0, 1
16.883589, 1, 1
16.883615, 0, 1
16.883849, 1, 1
16.883875, 0, 1
16.884110, 1, 1
16.900967, 0, 1
16.901202, 1, 1
16.901228, 0, 1
16.901462, 1, 1
16.901488, 0, 1
16.901723, 1, 1
16.901749, 0, 1
16.901983, 1, 1
16.902009, 0, 1
16.902244, 1, 1
16.902270, 0, 1
16.902504, 1, 1
16.902530, 0, 1
16.902765, 1, 1
16.902791, 0, 1
16.903025, 1, 1
16.903052, 0, 1
16.903286, 1, 1
16.903312, 0, 1
16.903547, 1, 1
16.903573, 0, 1
16.903807, 1, 1
16.903833, 0, 1
16.904068, 1, 1
16.904094, 0, 1
16.904328, 1, 1
16.904354, 0, 1
16.904589, 1, 1
16.904615, 0, 1
16.904849, 1, 1
16.904875, 0, 1
16.905110, 1, 1
16.921967, 0, 1
16.922202, 1, 1
16.922228, 0, 1
16.922462, 1, 1
16.922488, 0, 1
16.922723, 1, 1
16.922749, 0, 1
16.922983, 1, 1
16.923009, 0, 1
16.923244, 1, 1
16.923270, 0, 1
16.923504, 1, 1
16.923530, 0, 1
16.923765, 1, 1
16.923791, 0, 1
16.924026, 1, 1
16.924052, 0, 1
16.924286, 1, 1
16.924312, 0, 1
16.924547, 1, 1
16.924573, 0, 1
16.924807, 1, 1
16.924833, 0, 1
16.925068, 1, 1
16.925094, 0, 1
16.925328, 1, 1
16.925354, 0, 1
16.925589, 1, 1
16.925615, 0, 1
16.925849, 1, 1
16.925875, 0, 1
16.926110, 1, 1
16.943071, 0, 1
16.943306, 1, 1
16.943332, 0, 1
16.943566, 1, 1
16.943592, 0, 1
16.943827, 1, 1
16.943853, 0, 1
16.944088, 1, 1
16.944114, 0, 1
16.944348, 1, 1
16.944374, 0, 1
16.944609, 1, 1
16.944635, 0, 1
16.944869, 1, 1
16.944895, 0, 1
16.945130, 1, 1
16.945156, 0, 1
16.945390, 1, 1
16.945416, 0, 1
16.945651, 1, 1
16.945677, 0, 1
16.945911, 1, 1
16.945937, 0, 1
16.946172, 1, 1
16.946198, 0, 1
16.946432, 1, 1
16.946459, 0, 1
16.946693, 1, 1
16.946719, 0, 1
16.946954, 1, 1
16.946980, 0, 1
16.947214, 1, 1
16.964071, 0, 1
16.964306, 1, 1
16.964332, 0, 1
16.964566, 1, 1
16.964592, 0, 1
16.964827, 1, 1
16.964853, 0, 1
16.965088, 1, 1
16.965114, 0, 1
16.965348, 1, 1
16.965374, 0, 1
16.965609, 1, 1
16.965635, 0, 1
16.965869, 1, 1
16.965895, 0, 1
16.966130, 1, 1
16.966156, 0, 1
16.966390, 1, 1
16.966416, 0, 1
16.966651, 1, 1
16.966677, 0, 1
16.966911, 1, 1
16.966937, 0, 1
16.967172, 1, 1
16.967198, 0, 1
16.967432, 1, 1
16.967459, 0, 1
16.967693, 1, 1
16.967719, 0, 1
16.967954, 1, 1
16.967980, 0, 1
16.968214, 1, 1
16.984967, 0, 1
16.985202, 1, 1
16.985228, 0, 1
16.985462, 1, 1
16.985488, 0, 1
16.985723, 1, 1
16.985749, 0, 1
16.985983, 1, 1
16.986009, 0, 1
16.986244, 1, 1
16.986270, 0, 1
16.986504, 1, 1
16.986530, 0, 1
16.986765, 1, 1
16.986791, 0, 1
16.987026, 1, 1
16.987052, 0, 1
16.987286, 1, 1
16.987312, 0, 1
16.987547, 1, 1
16.987573, 0, 1
16.987807, 1, 1
16.987833, 0, 1
16.988068, 1, 1
16.988094, 0, 1
16.988328, 1, 1
16.988354, 0, 1
16.988589, 1, 1
16.988615, 0, 1
16.988849, 1, 1
16.988875, 0, 1
16.989110, 1, 1
17.006071, 0, 1
17.006306, 1, 1
17.006332, 0, 1
17.006566, 1, 1
17.006592, 0, 1
17.006827, 1, 1
17.006853, 0, 1
17.007088, 1, 1
17.007114, 0, 1
17.007348, 1, 1
17.007374, 0, 1
17.007609, 1, 1
17.007635, 0, 1
17.007869, 1, 1
17.007895, 0, 1
17.008130, 1, 1
17.008156, 0, 1
17.008390, 1, 1
17.008416, 0, 1
17.008651, 1, 1
17.008677, 0, 1
17.008911, 1, 1
17.008937, 0, 1
17.009172, 1, 1
17.009198, 0, 1
17.009432, 1, 1
17.009459, 0, 1
17.009693, 1, 1
17.009719, 0, 1
17.009954, 1, 1
17.009980, 0, 1
17.010214, 1, 1
17.026967, 0, 1
17.027202, 1, 1
17.027228, 0, 1
17.027462, 1, 1
17.027488, 0, 1
17.027723, 1, 1
17.027749, 0, 1
17.027983, 1, 1
17.028009, 0, 1
17.028244, 1, 1
17.028270, 0, 1
17.028504, 1, 1
17.028530, 0, 1
17.028765, 1, 1
17.028791, 0, 1
17.029026, 1, 1
17.029052, 0, 1
17.029286, 1, 1
17.029312, 0, 1
17.029547, 1, 1
17.029573, 0, 1
17.029807, 1, 1
17.029833, 0, 1
17.030068, 1, 1
17.030094, 0, 1
17.030328, 1, 1
17.030354, 0, 1
17.030589, 1, 1
17.030615, 0, 1
17.030849, 1, 1
17.030875, 0, 1
17.031110, 1, 1
17.048071, 0, 1
17.048306, 1, 1
17.048332, 0, 1
17.048566, 1, 1
17.048592, 0, 1
17.048827, 1, 1
17.048853, 0, 1
17.049088, 1, 1
17.049114, 0, 1
17.049348, 1, 1
17.049374, 0, 1
17.049609, 1, 1
17.049635, 0, 1
17.049869, 1, 1
17.049895, 0, 1
17.050130, 1, 1
17.050156, 0, 1
17.050390, 1, 1
17.050416, 0, 1
17.050651, 1, 1
17.050677, 0, 1
17.050911, 1, 1
17.050937, 0, 1
17.051172, 1, 1
17.051198, 0, 1
17.051432, 1, 1
17.051459, 0, 1
17.051693, 1, 1
17.051719, 0, 1
17.051954, 1, 1
17.051980, 0, 1
17.052214, 1, 1
17.068993, 0, 1
17.069228, 1, 1
17.069254, 0, 1
17.069488, 1, 1
17.069514, 0, 1
17.069749, 1, 1
17.069775, 0, 1
17.070009, 1, 1
17.070035, 0, 1
17.070270, 1, 1
17.070296, 0, 1
17.070530, 1, 1
17.070557, 0, 1
17.070791, 1, 1
17.070817, 0, 1
17.071052, 1, 1
17.071078, 0, 1
17.071312, 1, 1
17.071338, 0, 1
17.071573, 1, 1
17.071599, 0, 1
17.071833, 1, 1
17.071859, 0, 1
17.072094, 1, 1
17.072120, 0, 1
17.072354, 1, 1
17.072380, 0, 1
17.072615, 1, 1
17.072641, 0, 1
17.072875, 1, 1
17.072901, 0, 1
17.073136, 1, 1
17.090097, 0, 1
17.090332, 1, 1
17.090358, 0, 1
17.090593, 1, 1
17.090619, 0, 1
17.090853, 1, 1
17.090879, 0, 1
17.091114, 1, 1
17.091140, 0, 1
17.091374, 1, 1
17.091400, 0, 1
17.091635, 1, 1
17.091661, 0, 1
17.091895, 1, 1
17.091921, 0, 1
17.092156, 1, 1
17.092182, 0, 1
17.092416, 1, 1
17.092442, 0, 1
17.092677, 1, 1
17.092703, 0, 1
17.092937, 1, 1
17.092963, 0, 1
17.093198, 1, 1
17.093224, 0, 1
17.093459, 1, 1
17.093485, 0, 1
17.093719, 1, 1
17.093745, 0, 1
17.093980, 1, 1
17.094006, 0, 1
17.094240, 1, 1
17.110967, 0, 1
17.111202, 1, 1
17.111228, 0, 1
17.111462, 1, 1
17.111488, 0, 1
17.111723, 1, 1
17.111749, 0, 1
17.111983, 1, 1
17.112009, 0, 1
17.112244, 1, 1
17.112270, 0, 1
17.112504, 1, 1
17.112530, 0, 1
17.112765, 1, 1
17.112791, 0, 1
17.113026, 1, 1
17.113052, 0, 1
17.113286, 1, 1
17.113312, 0, 1
17.113547, 1, 1
17.113573, 0, 1
17.113807, 1, 1
17.113833, 0, 1
17.114068, 1, 1
17.114094, 0, 1
17.114328, 1, 1
17.114354, 0, 1
17.114589, 1, 1
17.114615, 0, 1
17.114849, 1, 1
17.114875, 0, 1
17.115110, 1, 1
17.132097, 0, 1
17.132332, 1, 1
17.132358, 0, 1
17.132593, 1, 1
17.132619, 0, 1
17.132853, 1, 1
17.132879, 0, 1
17.133114, 1, 1
17.133140, 0, 1
17.133374, 1, 1
17.133400, 0, 1
17.133635, 1, 1
17.133661, 0, 1
17.133895, 1, 1
17.133921, 0, 1
17.134156, 1, 1
17.134182, 0, 1
17.134416, 1, 1
17.134442, 0, 1
17.134677, 1, 1
17.134703, 0, 1
17.134937, 1, 1
17.134963, 0, 1
17.135198, 1, 1
17.135224, 0, 1
17.135459, 1, 1
17.135485, 0, 1
17.135719, 1, 1
17.135745, 0, 1
17.135980, 1, 1
17.136006, 0, 1
17.136240, 1, 1
17.233085, 0, 1
17.233111, 1, 1
17.233137, 0, 1
17.233320, 1, 1
17.233346, 0, 1
17.233372, 1, 1
17.233398, 0, 1
17.233424, 1, 1
17.233450, 0, 1
17.233580, 1, 1
17.233606, 0, 1
17.233632, 1, 1
17.233658, 0, 1
17.233763, 1, 1
17.233789, 0, 1
17.233841, 1, 1
17.233867, 0, 1
17.234101, 1, 1
17.234127, 0, 1
17.234179, 1, 1
17.234205, 0, 1
17.234284, 1, 1
17.234310, 0, 1
17.234362, 1, 1
17.234388, 0, 1
17.234492, 1, 1
17.234518, 0, 1
17.234570, 1, 1
17.234596, 0, 1
17.234622, 1, 1
17.283487, 1, 0
17.283513, 1, 1
17.283539, 1, 0
17.283721, 1, 1
17.283747, 1, 0
17.283825, 1, 1
17.283851, 1, 0
17.283981, 1, 1
17.284007, 1, 0
17.284033, 1, 1
17.284059, 1, 0
17.284163, 1, 1
17.284189, 1, 0
17.284215, 1, 1
17.284267, 1, 0
17.284501, 1, 1
17.284527, 1, 0
17.284553, 1, 1
17.284579, 1, 0
17.284605, 1, 1
17.284631, 1, 0
17.284683, 1, 1
17.284709, 1, 0
17.284735, 1, 1
17.333849, 1, 0
17.333875, 1, 1
17.333901, 1, 0
17.334083, 1, 1
17.334109, 1, 0
17.334161, 1, 1
17.334187, 1, 0
17.334213, 1, 1
17.334239, 1, 0
17.334343, 1, 1
17.335331, 1, 0
17.335487, 1, 1
17.335513, 1, 0
17.335565, 1, 1
17.335591, 1, 0
17.335825, 1, 1
17.335851, 1, 0
17.335929, 1, 1
17.335955, 1, 0
17.335981, 1, 1
17.336007, 1, 0
17.336085, 1, 1
17.336111, 1, 0
17.336215, 1, 1
17.336241, 1, 0
17.336319, 1, 1
17.336371, 1, 0
17.336449, 1, 1
17.336475, 1, 0
17.336605, 1, 1
17.336631, 1, 0
17.336657, 1, 1
17.336891, 1, 0
17.336917, 1, 1
17.337151, 1, 0
17.337385, 1, 1
17.337411, 1, 0
17.337515, 1, 1
17.337541, 1, 0
17.337593, 1, 1
17.386031, 1, 0
17.386057, 1, 1
17.386083, 1, 0
17.386265, 1, 1
17.386291, 1, 0
17.386369, 1, 1
17.386395, 1, 0
17.386421, 1, 1
17.386447, 1, 0
17.386525, 1, 1
17.386551, 1, 0
17.386603, 1, 1
17.386629, 1, 0
17.386707, 1, 1
17.386733, 1, 0
17.386785, 1, 1
17.386811, 1, 0
17.387045, 1, 1
17.387071, 1, 0
17.387097, 1, 1
17.387123, 1, 0
17.387149, 1, 1
17.387175, 1, 0
17.387253, 1, 1
17.387279, 1, 0
17.387305, 1, 1
17.387331, 1, 0
17.387383, 1, 1
17.387409, 1, 0
17.387461, 1, 1
17.387487, 1, 0
17.387565, 1, 1
17.387591, 1, 0
17.387669, 1, 1
17.387695, 1, 0
17.387773, 1, 1
17.387799, 1, 0
17.387825, 1, 1
17.387851, 1, 0
17.387877, 1, 1
17.387903, 1, 0
17.387955, 1, 1
17.388007, 1, 0
17.388085, 1, 1
17.388111, 1, 0
17.388345, 1, 1
17.388371, 1, 0
17.388397, 1, 1
17.388449, 1, 0
17.388475, 1, 1
17.388501, 1, 0
17.388527, 1, 1
17.388631, 1, 0
17.388865, 1, 1
17.388891, 1, 0
17.389125, 1, 1
17.389151, 1, 0
17.389385, 1, 1
17.389411, 1, 0
17.389489, 1, 1
17.389515, 1, 0
17.389645, 1, 1
17.389671, 1, 0
17.389723, 1, 1
17.389749, 1, 0
17.389775, 1, 1
17.389931, 1, 0
17.389957, 1, 1
17.390191, 1, 0
17.390217, 1, 1
17.390451, 1, 0
17.390581, 1, 1
17.390607, 1, 0
17.390659, 1, 1
17.390711, 1, 0
17.390737, 1, 1
17.390763, 1, 0
17.390945, 1, 1
17.390971, 1, 0
17.391205, 1, 1
17.391231, 1, 0
17.391283, 1, 1
17.391309, 1, 0
17.391387, 1, 1
17.391439, 1, 0
17.391465, 1, 1
