Time[s], Channel 0, Channel 1
0.000000, 1, 1
0.508982, 0, 1
0.509008, 1, 1
0.509034, 0, 1
0.509216, 1, 1
0.509242, 0, 1
0.509268, 1, 1
0.509294, 0, 1
0.509321, 1, 1
0.509347, 0, 1
0.509477, 1, 1
0.509503, 0, 1
0.509529, 1, 1
0.509555, 0, 1
0.509659, 1, 1
0.509685, 0, 1
0.509737, 1, 1
0.509763, 0, 1
0.509998, 1, 1
0.510024, 0, 1
0.510076, 1, 1
0.510102, 0, 1
0.510180, 1, 1
0.510206, 0, 1
0.510258, 1, 1
0.510285, 0, 1
0.510389, 1, 1
0.510415, 0, 1
0.510467, 1, 1
0.510493, 0, 1
0.510519, 1, 1
0.546796, 1, 0
0.546822, 1, 1
0.546848, 1, 0
0.547030, 1, 1
0.547056, 1, 0
0.547134, 1, 1
0.547160, 1, 0
0.547290, 1, 1
0.547316, 1, 0
0.547342, 1, 1
0.547368, 1, 0
0.547472, 1, 1
0.547498, 1, 0
0.547524, 1, 1
0.547576, 1, 0
0.547810, 1, 1
0.547836, 1, 0
0.547862, 1, 1
0.547888, 1, 0
0.547914, 1, 1
0.547940, 1, 0
0.547992, 1, 1
0.548018, 1, 0
0.548044, 1, 1
0.597288, 1, 0
0.597314, 1, 1
0.597340, 1, 0
0.597522, 1, 1
0.597548, 1, 0
0.597600, 1, 1
0.597626, 1, 0
0.597652, 1, 1
0.597678, 1, 0
0.597782, 1, 1
0.597808, 1, 0
0.597964, 1, 1
0.597990, 1, 0
0.598042, 1, 1
0.598068, 1, 0
0.598302, 1, 1
0.598328, 1, 0
0.598458, 1, 1
0.598484, 1, 0
0.598562, 1, 1
0.598588, 1, 0
0.598692, 1, 1
0.598718, 1, 0
0.598796, 1, 1
0.598848, 1, 0
0.598874, 1, 1
0.598926, 1, 0
0.599082, 1, 1
0.599108, 1, 0
0.599134, 1, 1
0.599368, 1, 0
0.599394, 1, 1
0.599628, 1, 0
0.599862, 1, 1
0.599888, 1, 0
0.599914, 1, 1
0.599966, 1, 0
0.600070, 1, 1
0.647988, 1, 0
0.648014, 1, 1
0.648040, 1, 0
0.648222, 1, 1
0.648248, 1, 0
0.648326, 1, 1
0.648352, 1, 0
0.648378, 1, 1
0.648404, 1, 0
0.648482, 1, 1
0.648508, 1, 0
0.648560, 1, 1
0.648586, 1, 0
0.648664, 1, 1
0.648690, 1, 0
0.648742, 1, 1
0.648768, 1, 0
0.649002, 1, 1
0.649028, 1, 0
0.649054, 1, 1
0.649080, 1, 0
0.649106, 1, 1
0.649132, 1, 0
0.649210, 1, 1
0.649236, 1, 0
0.649262, 1, 1
0.649288, 1, 0
0.649340, 1, 1
0.649366, 1, 0
0.649418, 1, 1
0.649444, 1, 0
0.649522, 1, 1
0.649548, 1, 0
0.649626, 1, 1
0.649652, 1, 0
0.649730, 1, 1
0.649756, 1, 0
0.649782, 1, 1
0.649808, 1, 0
0.649834, 1, 1
0.649860, 1, 0
0.649912, 1, 1
0.649964, 1, 0
0.650042, 1, 1
0.650900, 1, 0
0.651134, 1, 1
0.651160, 1, 0
0.651186, 1, 1
0.651212, 1, 0
0.651264, 1, 1
0.651290, 1, 0
0.651316, 1, 1
0.651420, 1, 0
0.651654, 1, 1
0.651680, 1, 0
0.651914, 1, 1
0.651940, 1, 0
0.652174, 1, 1
0.652200, 1, 0
0.652226, 1, 1
0.652278, 1, 0
0.652434, 1, 1
0.652460, 1, 0
0.652512, 1, 1
0.652538, 1, 0
0.652564, 1, 1
0.652720, 1, 0
0.652746, 1, 1
0.652980, 1, 0
0.653006, 1, 1
0.653240, 1, 0
0.653370, 1, 1
0.653396, 1, 0
0.653448, 1, 1
0.653500, 1, 0
0.653526, 1, 1
0.653552, 1, 0
0.653734, 1, 1
0.653760, 1, 0
0.653994, 1, 1
0.654020, 1, 0
0.654046, 1, 1
0.654176, 1, 0
0.654202, 1, 1
0.654228, 1, 0
0.654254, 1, 1
2.294092, 0, 1
2.294118, 1, 1
2.294144, 0, 1
2.294327, 1, 1
2.294353, 0, 1
2.294379, 1, 1
2.294405, 0, 1
2.294431, 1, 1
2.294457, 0, 1
2.294587, 1, 1
2.294613, 0, 1
2.294743, 1, 1
2.294796, 0, 1
2.294848, 1, 1
2.294874, 0, 1
2.295108, 1, 1
2.295134, 0, 1
2.295160, 1, 1
2.295212, 0, 1
2.295369, 1, 1
2.295395, 0, 1
2.295499, 1, 1
2.295577, 0, 1
2.295629, 1, 1
2.494113, 0, 1
2.494348, 1, 1
2.494374, 0, 1
2.494608, 1, 1
2.494634, 0, 1
2.494869, 1, 1
2.494895, 0, 1
2.495129, 1, 1
2.495155, 0, 1
2.495390, 1, 1
2.495416, 0, 1
2.495650, 1, 1
2.495676, 0, 1
2.495911, 1, 1
2.495937, 0, 1
2.496171, 1, 1
2.496198, 0, 1
2.496432, 1, 1
2.496458, 0, 1
2.496693, 1, 1
2.496719, 0, 1
2.496953, 1, 1
2.496979, 0, 1
2.497214, 1, 1
2.497240, 0, 1
2.497474, 1, 1
2.497500, 0, 1
2.497735, 1, 1
2.497761, 0, 1
2.497995, 1, 1
2.498021, 0, 1
2.498256, 1, 1
2.515217, 0, 1
2.515452, 1, 1
2.515478, 0, 1
2.515712, 1, 1
2.515738, 0, 1
2.515973, 1, 1
2.515999, 0, 1
2.516234, 1, 1
2.516260, 0, 1
2.516494, 1, 1
2.516520, 0, 1
2.516755, 1, 1
2.516781, 0, 1
2.517015, 1, 1
2.517041, 0, 1
2.517276, 1, 1
2.517302, 0, 1
2.517536, 1, 1
2.517562, 0, 1
2.517797, 1, 1
2.517823, 0, 1
2.518057, 1, 1
2.518083, 0, 1
2.518318, 1, 1
2.518344, 0, 1
2.518578, 1, 1
2.518605, 0, 1
2.518839, 1, 1
2.518865, 0, 1
2.519100, 1, 1
2.519126, 0, 1
2.519360, 1, 1
2.536113, 0, 1
2.536348, 1, 1
2.536374, 0, 1
2.536608, 1, 1
2.536634, 0, 1
2.536869, 1, 1
2.536895, 0, 1
2.537129, 1, 1
2.537155, 0, 1
2.537390, 1, 1
2.537416, 0, 1
2.537650, 1, 1
2.537676, 0, 1
2.537911, 1, 1
2.537937, 0, 1
2.538172, 1, 1
2.538198, 0, 1
2.538432, 1, 1
2.538458, 0, 1
2.538693, 1, 1
2.538719, 0, 1
2.538953, 1, 1
2.538979, 0, 1
2.539214, 1, 1
2.539240, 0, 1
2.539474, 1, 1
2.539500, 0, 1
2.539735, 1, 1
2.539761, 0, 1
2.539995, 1, 1
2.540021, 0, 1
2.540256, 1, 1
2.557217, 0, 1
2.557452, 1, 1
2.557478, 0, 1
2.557712, 1, 1
2.557738, 0, 1
2.557973, 1, 1
2.557999, 0, 1
2.558234, 1, 1
2.558260, 0, 1
2.558494, 1, 1
2.558520, 0, 1
2.558755, 1, 1
2.558781, 0, 1
2.559015, 1, 1
2.559041, 0, 1
2.559276, 1, 1
2.559302, 0, 1
2.559536, 1, 1
2.559562, 0, 1
2.559797, 1, 1
2.559823, 0, 1
2.560057, 1, 1
2.560083, 0, 1
2.560318, 1, 1
2.560344, 0, 1
2.560578, 1, 1
2.560604, 0, 1
2.560839, 1, 1
2.560865, 0, 1
2.561100, 1, 1
2.561126, 0, 1
2.561360, 1, 1
2.578217, 0, 1
2.578452, 1, 1
2.578478, 0, 1
2.578712, 1, 1
2.578738, 0, 1
2.578973, 1, 1
2.578999, 0, 1
2.579234, 1, 1
2.579260, 0, 1
2.579494, 1, 1
2.579520, 0, 1
2.579755, 1, 1
2.579781, 0, 1
2.580015, 1, 1
2.580041, 0, 1
2.580276, 1, 1
2.580302, 0, 1
2.580536, 1, 1
2.580562, 0, 1
2.580797, 1, 1
2.580823, 0, 1
2.581057, 1, 1
2.581083, 0, 1
2.581318, 1, 1
2.581344, 0, 1
2.581578, 1, 1
2.581604, 0, 1
2.581839, 1, 1
2.581865, 0, 1
2.582100, 1, 1
2.582126, 0, 1
2.582360, 1, 1
2.599113, 0, 1
2.599348, 1, 1
2.599374, 0, 1
2.599608, 1, 1
2.599634, 0, 1
2.599869, 1, 1
2.599895, 0, 1
2.600129, 1, 1
2.600155, 0, 1
2.600390, 1, 1
2.600416, 0, 1
2.600650, 1, 1
2.600676, 0, 1
2.600911, 1, 1
2.600937, 0, 1
2.601172, 1, 1
2.601198, 0, 1
2.601432, 1, 1
2.601458, 0, 1
2.601693, 1, 1
2.601719, 0, 1
2.601953, 1, 1
2.601979, 0, 1
2.602214, 1, 1
2.602240, 0, 1
2.602474, 1, 1
2.602500, 0, 1
2.602735, 1, 1
2.602761, 0, 1
2.602995, 1, 1
2.603021, 0, 1
2.603256, 1, 1
2.620217, 0, 1
2.620452, 1, 1
2.620478, 0, 1
2.620712, 1, 1
2.620738, 0, 1
2.620973, 1, 1
2.620999, 0, 1
2.621234, 1, 1
2.621260, 0, 1
2.621494, 1, 1
2.621520, 0, 1
2.621755, 1, 1
2.621781, 0, 1
2.622015, 1, 1
2.622041, 0, 1
2.622276, 1, 1
2.622302, 0, 1
2.622536, 1, 1
2.622562, 0, 1
2.622797, 1, 1
2.622823, 0, 1
2.623057, 1, 1
2.623083, 0, 1
2.623318, 1, 1
2.623344, 0, 1
2.623578, 1, 1
2.623604, 0, 1
2.623839, 1, 1
2.623865, 0, 1
2.624100, 1, 1
2.624126, 0, 1
2.624360, 1, 1
2.641113, 0, 1
2.641348, 1, 1
2.641374, 0, 1
2.641608, 1, 1
2.641634, 0, 1
2.641869, 1, 1
2.641895, 0, 1
2.642129, 1, 1
2.642155, 0, 1
2.642390, 1, 1
2.642416, 0, 1
2.642650, 1, 1
2.642676, 0, 1
2.642911, 1, 1
2.642937, 0, 1
2.643172, 1, 1
2.643198, 0, 1
2.643432, 1, 1
2.643458, 0, 1
2.643693, 1, 1
2.643719, 0, 1
2.643953, 1, 1
2.643979, 0, 1
2.644214, 1, 1
2.644240, 0, 1
2.644474, 1, 1
2.644500, 0, 1
2.644735, 1, 1
2.644761, 0, 1
2.644995, 1, 1
2.645021, 0, 1
2.645256, 1, 1
2.662243, 0, 1
2.662478, 1, 1
2.662504, 0, 1
2.662739, 1, 1
2.662765, 0, 1
2.662999, 1, 1
2.663025, 0, 1
2.663260, 1, 1
2.663286, 0, 1
2.663520, 1, 1
2.663546, 0, 1
2.663781, 1, 1
2.663807, 0, 1
2.664041, 1, 1
2.664067, 0, 1
2.664302, 1, 1
2.664328, 0, 1
2.664562, 1, 1
2.664588, 0, 1
2.664823, 1, 1
2.664849, 0, 1
2.665083, 1, 1
2.665109, 0, 1
2.665344, 1, 1
2.665370, 0, 1
2.665605, 1, 1
2.665631, 0, 1
2.665865, 1, 1
2.665891, 0, 1
2.666126, 1, 1
2.666152, 0, 1
2.666386, 1, 1
2.683243, 0, 1
2.683478, 1, 1
2.683504, 0, 1
2.683739, 1, 1
2.683765, 0, 1
2.683999, 1, 1
2.684025, 0, 1
2.684260, 1, 1
2.684286, 0, 1
2.684520, 1, 1
2.684546, 0, 1
2.684781, 1, 1
2.684807, 0, 1
2.685041, 1, 1
2.685067, 0, 1
2.685302, 1, 1
2.685328, 0, 1
2.685562, 1, 1
2.685588, 0, 1
2.685823, 1, 1
2.685849, 0, 1
2.686083, 1, 1
2.686109, 0, 1
2.686344, 1, 1
2.686370, 0, 1
2.686605, 1, 1
2.686631, 0, 1
2.686865, 1, 1
2.686891, 0, 1
2.687126, 1, 1
2.687152, 0, 1
2.687386, 1, 1
2.704113, 0, 1
2.704348, 1, 1
2.704374, 0, 1
2.704608, 1, 1
2.704634, 0, 1
2.704869, 1, 1
2.704895, 0, 1
2.705129, 1, 1
2.705155, 0, 1
2.705390, 1, 1
2.705416, 0, 1
2.705650, 1, 1
2.705676, 0, 1
2.705911, 1, 1
2.705937, 0, 1
2.706172, 1, 1
2.706198, 0, 1
2.706432, 1, 1
2.706458, 0, 1
2.706693, 1, 1
2.706719, 0, 1
2.706953, 1, 1
2.706979, 0, 1
2.707214, 1, 1
2.707240, 0, 1
2.707474, 1, 1
2.707500, 0, 1
2.707735, 1, 1
2.707761, 0, 1
2.707995, 1, 1
2.708021, 0, 1
2.708256, 1, 1
2.725243, 0, 1
2.725478, 1, 1
2.725504, 0, 1
2.725739, 1, 1
2.725765, 0, 1
2.725999, 1, 1
2.726025, 0, 1
2.726260, 1, 1
2.726286, 0, 1
2.726520, 1, 1
2.726546, 0, 1
2.726781, 1, 1
2.726807, 0, 1
2.727041, 1, 1
2.727067, 0, 1
2.727302, 1, 1
2.727328, 0, 1
2.727562, 1, 1
2.727588, 0, 1
2.727823, 1, 1
2.727849, 0, 1
2.728083, 1, 1
2.728109, 0, 1
2.728344, 1, 1
2.728370, 0, 1
2.728605, 1, 1
2.728631, 0, 1
2.728865, 1, 1
2.728891, 0, 1
2.729126, 1, 1
2.729152, 0, 1
2.729386, 1, 1
2.746113, 0, 1
2.746348, 1, 1
2.746374, 0, 1
2.746608, 1, 1
2.746634, 0, 1
2.746869, 1, 1
2.746895, 0, 1
2.747129, 1, 1
2.747155, 0, 1
2.747390, 1, 1
2.747416, 0, 1
2.747650, 1, 1
2.747677, 0, 1
2.747911, 1, 1
2.747937, 0, 1
2.748172, 1, 1
2.748198, 0, 1
2.748432, 1, 1
2.748458, 0, 1
2.748693, 1, 1
2.748719, 0, 1
2.748953, 1, 1
2.748979, 0, 1
2.749214, 1, 1
2.749240, 0, 1
2.749474, 1, 1
2.749500, 0, 1
2.749735, 1, 1
2.749761, 0, 1
2.749995, 1, 1
2.750021, 0, 1
2.750256, 1, 1
2.767243, 0, 1
2.767478, 1, 1
2.767504, 0, 1
2.767739, 1, 1
2.767765, 0, 1
2.767999, 1, 1
2.768025, 0, 1
2.768260, 1, 1
2.768286, 0, 1
2.768520, 1, 1
2.768546, 0, 1
2.768781, 1, 1
2.768807, 0, 1
2.769041, 1, 1
2.769067, 0, 1
2.769302, 1, 1
2.769328, 0, 1
2.769562, 1, 1
2.769588, 0, 1
2.769823, 1, 1
2.769849, 0, 1
2.770083, 1, 1
2.770109, 0, 1
2.770344, 1, 1
2.770370, 0, 1
2.770605, 1, 1
2.770631, 0, 1
2.770865, 1, 1
2.770891, 0, 1
2.771126, 1, 1
2.771152, 0, 1
2.771386, 1, 1
2.788243, 0, 1
2.788478, 1, 1
2.788504, 0, 1
2.788739, 1, 1
2.788765, 0, 1
2.788999, 1, 1
2.789025, 0, 1
2.789260, 1, 1
2.789286, 0, 1
2.789520, 1, 1
2.789546, 0, 1
2.789781, 1, 1
2.789807, 0, 1
2.790041, 1, 1
2.790067, 0, 1
2.790302, 1, 1
2.790328, 0, 1
2.790562, 1, 1
2.790588, 0, 1
2.790823, 1, 1
2.790849, 0, 1
2.791083, 1, 1
2.791109, 0, 1
2.791344, 1, 1
2.791370, 0, 1
2.791605, 1, 1
2.791631, 0, 1
2.791865, 1, 1
2.791891, 0, 1
2.792126, 1, 1
2.792152, 0, 1
2.792386, 1, 1
2.809113, 0, 1
2.809348, 1, 1
2.809374, 0, 1
2.809608, 1, 1
2.809634, 0, 1
2.809869, 1, 1
2.809895, 0, 1
2.810129, 1, 1
2.810155, 0, 1
2.810390, 1, 1
2.810416, 0, 1
2.810650, 1, 1
2.810677, 0, 1
2.810911, 1, 1
2.810937, 0, 1
2.811172, 1, 1
2.811198, 0, 1
2.811432, 1, 1
2.811458, 0, 1
2.811693, 1, 1
2.811719, 0, 1
2.811953, 1, 1
2.811979, 0, 1
2.812214, 1, 1
2.812240, 0, 1
2.812474, 1, 1
2.812500, 0, 1
2.812735, 1, 1
2.812761, 0, 1
2.812995, 1, 1
2.813021, 0, 1
2.813256, 1, 1
2.830244, 0, 1
2.830478, 1, 1
2.830504, 0, 1
2.830739, 1, 1
2.830765, 0, 1
2.830999, 1, 1
2.831025, 0, 1
2.831260, 1, 1
2.831286, 0, 1
2.831520, 1, 1
2.831546, 0, 1
2.831781, 1, 1
2.831807, 0, 1
2.832041, 1, 1
2.832067, 0, 1
2.832302, 1, 1
2.832328, 0, 1
2.832562, 1, 1
2.832588, 0, 1
2.832823, 1, 1
2.832849, 0, 1
2.833083, 1, 1
2.833110, 0, 1
2.833344, 1, 1
2.833370, 0, 1
2.833605, 1, 1
2.833631, 0, 1
2.833865, 1, 1
2.833891, 0, 1
2.834126, 1, 1
2.834152, 0, 1
2.834386, 1, 1
2.931257, 0, 1
2.931283, 1, 1
2.931309, 0, 1
2.931492, 1, 1
2.931518, 0, 1
2.931544, 1, 1
2.931570, 0, 1
2.931596, 1, 1
2.931622, 0, 1
2.931752, 1, 1
2.931778, 0, 1
2.931909, 1, 1
2.931961, 0, 1
2.932013, 1, 1
2.932039, 0, 1
2.932273, 1, 1
2.932299, 0, 1
2.932325, 1, 1
2.932378, 0, 1
2.932534, 1, 1
2.932560, 0, 1
2.932664, 1, 1
2.932742, 0, 1
2.932794, 1, 1
2.971253, 1, 0
2.971279, 1, 1
2.971305, 1, 0
2.971487, 1, 1
2.971513, 1, 0
2.971591, 1, 1
2.971617, 1, 0
2.971747, 1, 1
2.971773, 1, 0
2.971903, 1, 1
2.971955, 1, 0
2.971981, 1, 1
2.972033, 1, 0
2.972267, 1, 1
2.972293, 1, 0
2.972371, 1, 1
2.972397, 1, 0
2.972423, 1, 1
2.972475, 1, 0
2.972501, 1, 1
3.022317, 1, 0
3.022343, 1, 1
3.022369, 1, 0
3.022551, 1, 1
3.022577, 1, 0
3.022603, 1, 1
3.022629, 1, 0
3.022655, 1, 1
3.022681, 1, 0
3.022811, 1, 1
3.022837, 1, 0
3.022967, 1, 1
3.023045, 1, 0
3.023071, 1, 1
3.023097, 1, 0
3.023331, 1, 1
3.023357, 1, 0
3.023383, 1, 1
3.023409, 1, 0
3.023591, 1, 1
3.023617, 1, 0
3.023669, 1, 1
3.023721, 1, 0
3.023747, 1, 1
3.023825, 1, 0
3.023851, 1, 1
3.072965, 1, 0
3.072991, 1, 1
3.073017, 1, 0
3.073199, 1, 1
3.073225, 1, 0
3.073277, 1, 1
3.073303, 1, 0
3.073329, 1, 1
3.073355, 1, 0
3.073459, 1, 1
3.073485, 1, 0
3.073641, 1, 1
3.073667, 1, 0
3.073719, 1, 1
3.073745, 1, 0
3.073979, 1, 1
3.074005, 1, 0
3.074031, 1, 1
3.074057, 1, 0
3.074135, 1, 1
3.074161, 1, 0
3.074239, 1, 1
3.074265, 1, 0
3.074369, 1, 1
3.074395, 1, 0
3.074499, 1, 1
3.074525, 1, 0
3.074551, 1, 1
3.074603, 1, 0
3.074759, 1, 1
3.075773, 1, 0
3.075799, 1, 1
3.076033, 1, 0
3.076059, 1, 1
3.076293, 1, 0
3.076527, 1, 1
3.076553, 1, 0
3.076631, 1, 1
3.076657, 1, 0
3.076735, 1, 1
3.076761, 1, 0
3.076787, 1, 1
3.529423, 1, 0
3.529449, 1, 1
3.529475, 1, 0
3.529657, 1, 1
3.529683, 1, 0
3.529735, 1, 1
3.529761, 1, 0
3.529787, 1, 1
3.529813, 1, 0
3.529917, 1, 1
3.529943, 1, 0
3.530099, 1, 1
3.530125, 1, 0
3.530177, 1, 1
3.530203, 1, 0
3.530437, 1, 1
3.530463, 1, 0
3.530489, 1, 1
3.530515, 1, 0
3.530593, 1, 1
3.530619, 1, 0
3.530697, 1, 1
3.530723, 1, 0
3.530827, 1, 1
3.530853, 1, 0
3.530957, 1, 1
3.530983, 1, 0
3.531009, 1, 1
3.531061, 1, 0
3.531217, 1, 1
3.531243, 1, 0
3.531269, 1, 1
3.531321, 1, 0
3.531477, 1, 1
3.531503, 1, 0
3.531737, 1, 1
3.531763, 1, 0
3.531997, 1, 1
3.532023, 1, 0
3.532049, 1, 1
3.532075, 1, 0
3.532127, 1, 1
3.532153, 1, 0
3.532205, 1, 1
3.532231, 1, 0
3.532257, 1, 1
4.037127, 1, 0
4.037153, 1, 1
4.037179, 1, 0
4.037361, 1, 1
4.037387, 1, 0
4.037439, 1, 1
4.037465, 1, 0
4.037491, 1, 1
4.037517, 1, 0
4.037621, 1, 1
4.037647, 1, 0
4.037803, 1, 1
4.037829, 1, 0
4.037881, 1, 1
4.037907, 1, 0
4.038141, 1, 1
4.038167, 1, 0
4.038193, 1, 1
4.038219, 1, 0
4.038297, 1, 1
4.038323, 1, 0
4.038401, 1, 1
4.038427, 1, 0
4.038531, 1, 1
4.038557, 1, 0
4.038661, 1, 1
4.038687, 1, 0
4.038713, 1, 1
4.038765, 1, 0
4.038921, 1, 1
4.038947, 1, 0
4.038999, 1, 1
4.039077, 1, 0
4.039181, 1, 1
4.039207, 1, 0
4.039441, 1, 1
4.039467, 1, 0
4.039701, 1, 1
4.039727, 1, 0
4.039805, 1, 1
4.039831, 1, 0
4.039857, 1, 1
4.039883, 1, 0
4.039909, 1, 1
4.039935, 1, 0
4.039961, 1, 1
4.541971, 1, 0
4.541997, 1, 1
4.542023, 1, 0
4.542205, 1, 1
4.542231, 1, 0
4.542283, 1, 1
4.542309, 1, 0
4.542335, 1, 1
4.542361, 1, 0
4.542465, 1, 1
4.542491, 1, 0
4.542647, 1, 1
4.542673, 1, 0
4.542725, 1, 1
4.542751, 1, 0
4.542985, 1, 1
4.543011, 1, 0
4.543037, 1, 1
4.543063, 1, 0
4.543141, 1, 1
4.543167, 1, 0
4.543245, 1, 1
4.543271, 1, 0
4.543375, 1, 1
4.543401, 1, 0
4.543505, 1, 1
4.543531, 1, 0
4.543557, 1, 1
4.543609, 1, 0
4.543765, 1, 1
4.543791, 1, 0
4.543817, 1, 1
4.543869, 1, 0
4.543895, 1, 1
4.543947, 1, 0
4.544025, 1, 1
4.544051, 1, 0
4.544285, 1, 1
4.544311, 1, 0
4.544545, 1, 1
4.544571, 1, 0
4.544597, 1, 1
4.544623, 1, 0
4.544727, 1, 1
4.544779, 1, 0
4.544805, 1, 1
5.047620, 1, 0
5.047646, 1, 1
5.047672, 1, 0
5.047854, 1, 1
5.047880, 1, 0
5.047932, 1, 1
5.047958, 1, 0
5.047984, 1, 1
5.048010, 1, 0
5.048114, 1, 1
5.048140, 1, 0
5.048296, 1, 1
5.048322, 1, 0
5.048374, 1, 1
5.048400, 1, 0
5.048634, 1, 1
5.048660, 1, 0
5.048686, 1, 1
5.048712, 1, 0
5.048790, 1, 1
5.048816, 1, 0
5.048894, 1, 1
5.048920, 1, 0
5.049024, 1, 1
5.049050, 1, 0
5.049154, 1, 1
5.049180, 1, 0
5.049206, 1, 1
5.049258, 1, 0
5.049414, 1, 1
5.049440, 1, 0
5.049492, 1, 1
5.049518, 1, 0
5.049544, 1, 1
5.049570, 1, 0
5.049596, 1, 1
5.049622, 1, 0
5.049674, 1, 1
5.049700, 1, 0
5.049934, 1, 1
5.049960, 1, 0
5.050194, 1, 1
5.050220, 1, 0
5.050350, 1, 1
5.050428, 1, 0
5.050454, 1, 1
5.554752, 1, 0
5.554778, 1, 1
5.554804, 1, 0
5.554986, 1, 1
5.555012, 1, 0
5.555064, 1, 1
5.555090, 1, 0
5.555116, 1, 1
5.555142, 1, 0
5.555246, 1, 1
5.555272, 1, 0
5.555428, 1, 1
5.555454, 1, 0
5.555506, 1, 1
5.555532, 1, 0
5.555766, 1, 1
5.555792, 1, 0
5.555818, 1, 1
5.555844, 1, 0
5.555922, 1, 1
5.555948, 1, 0
5.556026, 1, 1
5.556052, 1, 0
5.556156, 1, 1
5.556182, 1, 0
5.556286, 1, 1
5.556312, 1, 0
5.556338, 1, 1
5.556390, 1, 0
5.556546, 1, 1
5.556572, 1, 0
5.556598, 1, 1
5.556624, 1, 0
5.556676, 1, 1
5.556754, 1, 0
5.556806, 1, 1
5.556832, 1, 0
5.557066, 1, 1
5.557092, 1, 0
5.557326, 1, 1
5.557352, 1, 0
5.557378, 1, 1
5.557560, 1, 0
5.557586, 1, 1
5.976324, 0, 1
5.976350, 1, 1
5.976376, 0, 1
5.976558, 1, 1
5.976584, 0, 1
5.976610, 1, 1
5.976636, 0, 1
5.976662, 1, 1
5.976688, 0, 1
5.976819, 1, 1
5.976845, 0, 1
5.976871, 1, 1
5.976897, 0, 1
5.977001, 1, 1
5.977027, 0, 1
5.977079, 1, 1
5.977105, 0, 1
5.977340, 1, 1
5.977366, 0, 1
5.977418, 1, 1
5.977444, 0, 1
5.977522, 1, 1
5.977548, 0, 1
5.977600, 1, 1
5.977626, 0, 1
5.977730, 1, 1
5.977757, 0, 1
5.977809, 1, 1
5.977835, 0, 1
5.977861, 1, 1
6.011600, 1, 0
6.011626, 1, 1
6.011652, 1, 0
6.011834, 1, 1
6.011860, 1, 0
6.011938, 1, 1
6.011964, 1, 0
6.012094, 1, 1
6.012120, 1, 0
6.012146, 1, 1
6.012172, 1, 0
6.012276, 1, 1
6.012302, 1, 0
6.012328, 1, 1
6.012380, 1, 0
6.012614, 1, 1
6.012640, 1, 0
6.012666, 1, 1
6.012692, 1, 0
6.012718, 1, 1
6.012744, 1, 0
6.012796, 1, 1
6.012822, 1, 0
6.012848, 1, 1
6.062430, 1, 0
6.062456, 1, 1
6.062482, 1, 0
6.062664, 1, 1
6.062690, 1, 0
6.062742, 1, 1
6.062768, 1, 0
6.062794, 1, 1
6.062820, 1, 0
6.062924, 1, 1
6.062950, 1, 0
6.063106, 1, 1
6.063132, 1, 0
6.063184, 1, 1
6.063210, 1, 0
6.063444, 1, 1
6.063470, 1, 0
6.063496, 1, 1
6.063522, 1, 0
6.063600, 1, 1
6.063626, 1, 0
6.063704, 1, 1
6.063730, 1, 0
6.063834, 1, 1
6.063860, 1, 0
6.063964, 1, 1
6.063990, 1, 0
6.064016, 1, 1
6.064068, 1, 0
6.064224, 1, 1
6.064250, 1, 0
6.064276, 1, 1
6.064354, 1, 0
6.064432, 1, 1
6.064458, 1, 0
6.064484, 1, 1
6.064510, 1, 0
6.064744, 1, 1
6.064770, 1, 0
6.065004, 1, 1
6.065030, 1, 0
6.065056, 1, 1
6.065082, 1, 0
6.065108, 1, 1
6.065160, 1, 0
6.065238, 1, 1
6.114196, 1, 0
6.114222, 1, 1
6.114248, 1, 0
6.114430, 1, 1
6.114456, 1, 0
6.114534, 1, 1
6.114560, 1, 0
6.114586, 1, 1
6.114612, 1, 0
6.114690, 1, 1
6.114716, 1, 0
6.114768, 1, 1
6.114794, 1, 0
6.114872, 1, 1
6.114898, 1, 0
6.114950, 1, 1
6.114976, 1, 0
6.115210, 1, 1
6.115236, 1, 0
6.115262, 1, 1
6.115288, 1, 0
6.115314, 1, 1
6.115340, 1, 0
6.115418, 1, 1
6.115444, 1, 0
6.115470, 1, 1
6.115496, 1, 0
6.115548, 1, 1
6.115574, 1, 0
6.115626, 1, 1
6.115652, 1, 0
6.115730, 1, 1
6.115756, 1, 0
6.115834, 1, 1
6.115860, 1, 0
6.115938, 1, 1
6.115964, 1, 0
6.115990, 1, 1
6.116016, 1, 0
6.116042, 1, 1
6.116068, 1, 0
6.116120, 1, 1
6.116172, 1, 0
6.116250, 1, 1
6.116276, 1, 0
6.116510, 1, 1
6.116536, 1, 0
6.116562, 1, 1
6.116588, 1, 0
6.116640, 1, 1
6.116666, 1, 0
6.116692, 1, 1
6.116796, 1, 0
6.117030, 1, 1
6.117056, 1, 0
6.117290, 1, 1
6.117316, 1, 0
6.117550, 1, 1
6.117576, 1, 0
6.117602, 1, 1
6.117654, 1, 0
6.117810, 1, 1
6.117836, 1, 0
6.117888, 1, 1
6.117914, 1, 0
6.117940, 1, 1
6.118096, 1, 0
6.118122, 1, 1
6.118200, 1, 0
6.118278, 1, 1
6.118304, 1, 0
6.118330, 1, 1
6.118356, 1, 0
6.118590, 1, 1
6.118616, 1, 0
6.118746, 1, 1
6.118772, 1, 0
6.118824, 1, 1
6.118876, 1, 0
6.118902, 1, 1
6.118928, 1, 0
6.119110, 1, 1
6.119136, 1, 0
6.119370, 1, 1
6.119396, 1, 0
6.119500, 1, 1
6.119526, 1, 0
6.119552, 1, 1
6.119578, 1, 0
6.119604, 1, 1
6.164377, 1, 0
6.164403, 1, 1
6.164429, 1, 0
6.164611, 1, 1
6.164637, 1, 0
6.164689, 1, 1
6.164715, 1, 0
6.164741, 1, 1
6.164767, 1, 0
6.164871, 1, 1
6.164897, 1, 0
6.165053, 1, 1
6.165079, 1, 0
6.165131, 1, 1
6.165157, 1, 0
6.165391, 1, 1
6.165417, 1, 0
6.165443, 1, 1
6.165469, 1, 0
6.165547, 1, 1
6.165573, 1, 0
6.165651, 1, 1
6.165677, 1, 0
6.165781, 1, 1
6.165807, 1, 0
6.165911, 1, 1
6.165937, 1, 0
6.165963, 1, 1
6.166015, 1, 0
6.166171, 1, 1
6.166197, 1, 0
6.166301, 1, 1
6.166327, 1, 0
6.166379, 1, 1
6.166405, 1, 0
6.166431, 1, 1
6.166457, 1, 0
6.166691, 1, 1
6.166717, 1, 0
6.166951, 1, 1
6.166977, 1, 0
6.167029, 1, 1
6.167107, 1, 0
6.167185, 1, 1
6.568704, 1, 0
6.568730, 1, 1
6.568756, 1, 0
6.568938, 1, 1
6.568964, 1, 0
6.569016, 1, 1
6.569042, 1, 0
6.569068, 1, 1
6.569094, 1, 0
6.569198, 1, 1
6.569224, 1, 0
6.569380, 1, 1
6.569406, 1, 0
6.569458, 1, 1
6.569484, 1, 0
6.569718, 1, 1
6.569744, 1, 0
6.569770, 1, 1
6.569796, 1, 0
6.569822, 1, 1
6.569848, 1, 0
6.569874, 1, 1
6.569900, 1, 0
6.569978, 1, 1
6.570004, 1, 0
6.570082, 1, 1
6.570134, 1, 0
6.570238, 1, 1
6.570264, 1, 0
6.570290, 1, 1
6.570342, 1, 0
6.570498, 1, 1
6.570524, 1, 0
6.570550, 1, 1
6.570576, 1, 0
6.570654, 1, 1
6.570680, 1, 0
6.570706, 1, 1
6.570732, 1, 0
6.570758, 1, 1
6.570784, 1, 0
6.571018, 1, 1
6.571044, 1, 0
6.571278, 1, 1
6.571304, 1, 0
6.571330, 1, 1
6.571460, 1, 0
6.571512, 1, 1
7.076330, 1, 0
7.076356, 1, 1
7.076382, 1, 0
7.076564, 1, 1
7.076590, 1, 0
7.076642, 1, 1
7.076668, 1, 0
7.076694, 1, 1
7.076720, 1, 0
7.076824, 1, 1
7.076850, 1, 0
7.077006, 1, 1
7.077032, 1, 0
7.077084, 1, 1
7.077110, 1, 0
7.077344, 1, 1
7.077370, 1, 0
7.077396, 1, 1
7.077474, 1, 0
7.077500, 1, 1
7.077526, 1, 0
7.077604, 1, 1
7.077630, 1, 0
7.077708, 1, 1
7.077760, 1, 0
7.077864, 1, 1
7.077890, 1, 0
7.077916, 1, 1
7.077968, 1, 0
7.078124, 1, 1
7.078150, 1, 0
7.078176, 1, 1
7.078202, 1, 0
7.078280, 1, 1
7.078306, 1, 0
7.078332, 1, 1
7.078358, 1, 0
7.078384, 1, 1
7.078410, 1, 0
7.078644, 1, 1
7.078670, 1, 0
7.078904, 1, 1
7.078930, 1, 0
7.078956, 1, 1
7.078982, 1, 0
7.079086, 1, 1
7.079112, 1, 0
7.079138, 1, 1
7.583410, 1, 0
7.583436, 1, 1
7.583462, 1, 0
7.583644, 1, 1
7.583670, 1, 0
7.583722, 1, 1
7.583748, 1, 0
7.583774, 1, 1
7.583800, 1, 0
7.583904, 1, 1
7.583930, 1, 0
7.584086, 1, 1
7.584112, 1, 0
7.584164, 1, 1
7.584190, 1, 0
7.584424, 1, 1
7.584450, 1, 0
7.584476, 1, 1
7.584554, 1, 0
7.584580, 1, 1
7.584606, 1, 0
7.584684, 1, 1
7.584710, 1, 0
7.584814, 1, 1
7.584840, 1, 0
7.584944, 1, 1
7.584970, 1, 0
7.584996, 1, 1
7.585048, 1, 0
7.585204, 1, 1
7.585230, 1, 0
7.585256, 1, 1
7.585334, 1, 0
7.585412, 1, 1
7.585438, 1, 0
7.585464, 1, 1
7.585490, 1, 0
7.585724, 1, 1
7.585750, 1, 0
7.585984, 1, 1
7.586010, 1, 0
7.586036, 1, 1
7.586088, 1, 0
7.586140, 1, 1
7.586166, 1, 0
7.586218, 1, 1
8.090256, 1, 0
8.090282, 1, 1
8.090308, 1, 0
8.090490, 1, 1
8.090516, 1, 0
8.090568, 1, 1
8.090594, 1, 0
8.090620, 1, 1
8.090646, 1, 0
8.090750, 1, 1
8.090776, 1, 0
8.090932, 1, 1
8.090958, 1, 0
8.091010, 1, 1
8.091036, 1, 0
8.091270, 1, 1
8.091296, 1, 0
8.091322, 1, 1
8.091400, 1, 0
8.091426, 1, 1
8.091452, 1, 0
8.091530, 1, 1
8.091556, 1, 0
8.091660, 1, 1
8.091686, 1, 0
8.091790, 1, 1
8.091816, 1, 0
8.091842, 1, 1
8.091894, 1, 0
8.092050, 1, 1
8.092076, 1, 0
8.092102, 1, 1
8.092128, 1, 0
8.092180, 1, 1
8.092258, 1, 0
8.092310, 1, 1
8.092336, 1, 0
8.092570, 1, 1
8.093298, 1, 0
8.093532, 1, 1
8.093558, 1, 0
8.093584, 1, 1
8.093610, 1, 0
8.093636, 1, 1
8.093662, 1, 0
8.093766, 1, 1
8.598584, 1, 0
8.598610, 1, 1
8.598636, 1, 0
8.598818, 1, 1
8.598844, 1, 0
8.598896, 1, 1
8.598922, 1, 0
8.598948, 1, 1
8.598974, 1, 0
8.599078, 1, 1
8.599104, 1, 0
8.599260, 1, 1
8.599286, 1, 0
8.599338, 1, 1
8.599364, 1, 0
8.599598, 1, 1
8.599624, 1, 0
8.599650, 1, 1
8.599728, 1, 0
8.599754, 1, 1
8.599780, 1, 0
8.599858, 1, 1
8.599884, 1, 0
8.599988, 1, 1
8.600014, 1, 0
8.600118, 1, 1
8.600144, 1, 0
8.600170, 1, 1
8.600222, 1, 0
8.600378, 1, 1
8.600404, 1, 0
8.600430, 1, 1
8.600456, 1, 0
8.600508, 1, 1
8.600534, 1, 0
8.600560, 1, 1
8.600586, 1, 0
8.600638, 1, 1
8.600664, 1, 0
8.600898, 1, 1
8.600924, 1, 0
8.601158, 1, 1
8.601184, 1, 0
8.601210, 1, 1
8.601236, 1, 0
8.601262, 1, 1
8.601288, 1, 0
8.601314, 1, 1
8.601392, 1, 0
8.601418, 1, 1
9.102622, 1, 0
9.102648, 1, 1
9.102674, 1, 0
9.102856, 1, 1
9.102882, 1, 0
9.102934, 1, 1
9.102960, 1, 0
9.102986, 1, 1
9.103012, 1, 0
9.103116, 1, 1
9.103142, 1, 0
9.103298, 1, 1
9.103324, 1, 0
9.103376, 1, 1
9.103402, 1, 0
9.103636, 1, 1
9.103662, 1, 0
9.103688, 1, 1
9.103766, 1, 0
9.103792, 1, 1
9.103818, 1, 0
9.103896, 1, 1
9.103922, 1, 0
9.104026, 1, 1
9.104052, 1, 0
9.104156, 1, 1
9.105170, 1, 0
9.105196, 1, 1
9.105248, 1, 0
9.105404, 1, 1
9.105430, 1, 0
9.105456, 1, 1
9.105508, 1, 0
9.105534, 1, 1
9.105586, 1, 0
9.105664, 1, 1
9.105690, 1, 0
9.105924, 1, 1
9.105950, 1, 0
9.106184, 1, 1
9.106210, 1, 0
9.106236, 1, 1
9.106314, 1, 0
9.106366, 1, 1
9.106418, 1, 0
9.106444, 1, 1
9.611027, 1, 0
9.611053, 1, 1
9.611079, 1, 0
9.611261, 1, 1
9.611287, 1, 0
9.611339, 1, 1
9.611365, 1, 0
9.611391, 1, 1
9.611417, 1, 0
9.611521, 1, 1
9.611547, 1, 0
9.611703, 1, 1
9.611729, 1, 0
9.611781, 1, 1
9.611807, 1, 0
9.612041, 1, 1
9.613133, 1, 0
9.613159, 1, 1
9.613237, 1, 0
9.613263, 1, 1
9.613289, 1, 0
9.613367, 1, 1
9.613393, 1, 0
9.613497, 1, 1
9.613523, 1, 0
9.613627, 1, 1
9.613653, 1, 0
9.613679, 1, 1
9.613731, 1, 0
9.613887, 1, 1
9.613913, 1, 0
9.613991, 1, 1
9.614043, 1, 0
9.614147, 1, 1
9.614173, 1, 0
9.614407, 1, 1
9.614433, 1, 0
9.614667, 1, 1
9.614693, 1, 0
9.614797, 1, 1
9.614849, 1, 0
9.614875, 1, 1
9.614901, 1, 0
9.614927, 1, 1
10.116001, 1, 0
10.116027, 1, 1
10.116053, 1, 0
10.116235, 1, 1
10.116261, 1, 0
10.116313, 1, 1
10.116339, 1, 0
10.116365, 1, 1
10.116391, 1, 0
10.116495, 1, 1
10.116521, 1, 0
10.116677, 1, 1
10.116703, 1, 0
10.116755, 1, 1
10.117535, 1, 0
10.117769, 1, 1
10.117795, 1, 0
10.117821, 1, 1
10.117899, 1, 0
10.117925, 1, 1
10.117951, 1, 0
10.118029, 1, 1
10.118055, 1, 0
10.118159, 1, 1
10.118185, 1, 0
10.118289, 1, 1
10.118315, 1, 0
10.118341, 1, 1
10.118393, 1, 0
10.118549, 1, 1
10.118575, 1, 0
10.118627, 1, 1
10.118653, 1, 0
10.118809, 1, 1
10.118835, 1, 0
10.119069, 1, 1
10.119095, 1, 0
10.119329, 1, 1
10.119355, 1, 0
10.119407, 1, 1
10.119485, 1, 0
10.119537, 1, 1
10.119563, 1, 0
10.119589, 1, 1
10.622249, 1, 0
10.622275, 1, 1
10.622301, 1, 0
10.622483, 1, 1
10.622509, 1, 0
10.622561, 1, 1
10.622587, 1, 0
10.622613, 1, 1
10.622639, 1, 0
10.622743, 1, 1
10.622769, 1, 0
10.622925, 1, 1
10.622951, 1, 0
10.623003, 1, 1
10.623029, 1, 0
10.623263, 1, 1
10.623289, 1, 0
10.623367, 1, 1
10.623393, 1, 0
10.623419, 1, 1
10.623445, 1, 0
10.623523, 1, 1
10.623549, 1, 0
10.623653, 1, 1
10.623679, 1, 0
10.623757, 1, 1
10.623809, 1, 0
10.623835, 1, 1
10.623887, 1, 0
10.624043, 1, 1
10.624069, 1, 0
10.624095, 1, 1
10.624329, 1, 0
10.624355, 1, 1
10.624589, 1, 0
10.624823, 1, 1
10.624849, 1, 0
10.624875, 1, 1
10.624953, 1, 0
10.625031, 1, 1
11.002680, 0, 1
11.002706, 1, 1
11.002732, 0, 1
11.002915, 1, 1
11.002941, 0, 1
11.002967, 1, 1
11.002993, 0, 1
11.003019, 1, 1
11.003045, 0, 1
11.003175, 1, 1
11.003201, 0, 1
11.003227, 1, 1
11.003253, 0, 1
11.003358, 1, 1
11.003384, 0, 1
11.003436, 1, 1
11.003462, 0, 1
11.003696, 1, 1
11.003722, 0, 1
11.003774, 1, 1
11.003800, 0, 1
11.003879, 1, 1
11.003905, 0, 1
11.003957, 1, 1
11.003983, 0, 1
11.004087, 1, 1
11.004113, 0, 1
11.004165, 1, 1
11.004191, 0, 1
11.004217, 1, 1
11.028475, 1, 0
11.028501, 1, 1
11.028527, 1, 0
11.028709, 1, 1
11.028735, 1, 0
11.028813, 1, 1
11.028839, 1, 0
11.028969, 1, 1
11.028995, 1, 0
11.029021, 1, 1
11.029047, 1, 0
11.029151, 1, 1
11.029177, 1, 0
11.029203, 1, 1
11.029255, 1, 0
11.029489, 1, 1
11.029515, 1, 0
11.029541, 1, 1
11.029567, 1, 0
11.029593, 1, 1
11.029619, 1, 0
11.029671, 1, 1
11.029697, 1, 0
11.029723, 1, 1
11.078889, 1, 0
11.078915, 1, 1
11.078941, 1, 0
11.079123, 1, 1
11.079149, 1, 0
11.079201, 1, 1
11.079227, 1, 0
11.079253, 1, 1
11.079279, 1, 0
11.079383, 1, 1
11.079409, 1, 0
11.079565, 1, 1
11.079591, 1, 0
11.079643, 1, 1
11.079669, 1, 0
11.079903, 1, 1
11.079929, 1, 0
11.080007, 1, 1
11.080033, 1, 0
11.080059, 1, 1
11.080085, 1, 0
11.080163, 1, 1
11.080189, 1, 0
11.080293, 1, 1
11.080319, 1, 0
11.080397, 1, 1
11.080449, 1, 0
11.080475, 1, 1
11.080527, 1, 0
11.080683, 1, 1
11.080709, 1, 0
11.080735, 1, 1
11.080969, 1, 0
11.080995, 1, 1
11.081229, 1, 0
11.081463, 1, 1
11.081489, 1, 0
11.081515, 1, 1
11.081593, 1, 0
11.081671, 1, 1
11.128913, 1, 0
11.128939, 1, 1
11.128965, 1, 0
11.129147, 1, 1
11.129173, 1, 0
11.129251, 1, 1
11.129277, 1, 0
11.129303, 1, 1
11.129329, 1, 0
11.129407, 1, 1
11.129433, 1, 0
11.129485, 1, 1
11.129511, 1, 0
11.129589, 1, 1
11.129615, 1, 0
11.129667, 1, 1
11.129693, 1, 0
11.129927, 1, 1
11.129953, 1, 0
11.129979, 1, 1
11.130005, 1, 0
11.130031, 1, 1
11.130057, 1, 0
11.130135, 1, 1
11.130161, 1, 0
11.130187, 1, 1
11.130213, 1, 0
11.130265, 1, 1
11.130291, 1, 0
11.130343, 1, 1
11.130369, 1, 0
11.130447, 1, 1
11.130473, 1, 0
11.130551, 1, 1
11.130577, 1, 0
11.130655, 1, 1
11.130681, 1, 0
11.130707, 1, 1
11.130733, 1, 0
11.130759, 1, 1
11.130785, 1, 0
11.130837, 1, 1
11.130889, 1, 0
11.130967, 1, 1
11.130993, 1, 0
11.131227, 1, 1
11.131253, 1, 0
11.131305, 1, 1
11.131331, 1, 0
11.131357, 1, 1
11.131383, 1, 0
11.131409, 1, 1
11.131513, 1, 0
11.131747, 1, 1
11.131773, 1, 0
11.132007, 1, 1
11.132033, 1, 0
11.132267, 1, 1
11.132293, 1, 0
11.132319, 1, 1
11.132371, 1, 0
11.132527, 1, 1
11.132553, 1, 0
11.132605, 1, 1
11.132631, 1, 0
11.132657, 1, 1
11.132813, 1, 0
11.132839, 1, 1
11.133073, 1, 0
11.133099, 1, 1
11.133333, 1, 0
11.133463, 1, 1
11.133489, 1, 0
11.133541, 1, 1
11.133593, 1, 0
11.133619, 1, 1
11.133645, 1, 0
11.133827, 1, 1
11.133853, 1, 0
11.134087, 1, 1
11.134113, 1, 0
11.134269, 1, 1
11.134321, 1, 0
11.134347, 1, 1
