Time[s], Channel 0, Channel 1
0.000000, 1, 1
0.555037, 0, 1
0.555063, 1, 1
0.555089, 0, 1
0.555271, 1, 1
0.555297, 0, 1
0.555323, 1, 1
0.555349, 0, 1
0.555375, 1, 1
0.555401, 0, 1
0.555532, 1, 1
0.555558, 0, 1
0.555584, 1, 1
0.555610, 0, 1
0.555714, 1, 1
0.555740, 0, 1
0.555792, 1, 1
0.555818, 0, 1
0.556053, 1, 1
0.556079, 0, 1
0.556131, 1, 1
0.556157, 0, 1
0.556235, 1, 1
0.556261, 0, 1
0.556313, 1, 1
0.556339, 0, 1
0.556444, 1, 1
0.556470, 0, 1
0.556522, 1, 1
0.556548, 0, 1
0.556574, 1, 1
0.592072, 1, 0
0.592098, 1, 1
0.592124, 1, 0
0.592306, 1, 1
0.592332, 1, 0
0.592410, 1, 1
0.592436, 1, 0
0.592566, 1, 1
0.592592, 1, 0
0.592618, 1, 1
0.592644, 1, 0
0.592748, 1, 1
0.592774, 1, 0
0.592800, 1, 1
0.592852, 1, 0
0.593086, 1, 1
0.593112, 1, 0
0.593138, 1, 1
0.593164, 1, 0
0.593190, 1, 1
0.593216, 1, 0
0.593268, 1, 1
0.593294, 1, 0
0.593320, 1, 1
0.642252, 1, 0
0.642278, 1, 1
0.642304, 1, 0
0.642486, 1, 1
0.642512, 1, 0
0.642564, 1, 1
0.642590, 1, 0
0.642616, 1, 1
0.642642, 1, 0
0.642746, 1, 1
0.642772, 1, 0
0.642928, 1, 1
0.642954, 1, 0
0.643006, 1, 1
0.643032, 1, 0
0.643266, 1, 1
0.643292, 1, 0
0.643370, 1, 1
0.643396, 1, 0
0.643422, 1, 1
0.643448, 1, 0
0.643526, 1, 1
0.643552, 1, 0
0.643656, 1, 1
0.643682, 1, 0
0.643760, 1, 1
0.643812, 1, 0
0.643890, 1, 1
0.643916, 1, 0
0.644046, 1, 1
0.644072, 1, 0
0.644098, 1, 1
0.644332, 1, 0
0.644358, 1, 1
0.644592, 1, 0
0.644826, 1, 1
0.644852, 1, 0
0.644956, 1, 1
0.644982, 1, 0
0.645034, 1, 1
0.692380, 1, 0
0.692406, 1, 1
0.692432, 1, 0
0.692614, 1, 1
0.692640, 1, 0
0.692718, 1, 1
0.692744, 1, 0
0.692770, 1, 1
0.692796, 1, 0
0.692874, 1, 1
0.692900, 1, 0
0.692952, 1, 1
0.692978, 1, 0
0.693056, 1, 1
0.693082, 1, 0
0.693134, 1, 1
0.693160, 1, 0
0.693394, 1, 1
0.693420, 1, 0
0.693446, 1, 1
0.693472, 1, 0
0.693498, 1, 1
0.693524, 1, 0
0.693602, 1, 1
0.693628, 1, 0
0.693654, 1, 1
0.693680, 1, 0
0.693732, 1, 1
0.693758, 1, 0
0.693810, 1, 1
0.693836, 1, 0
0.693914, 1, 1
0.693940, 1, 0
0.694018, 1, 1
0.694044, 1, 0
0.694122, 1, 1
0.694148, 1, 0
0.694174, 1, 1
0.694200, 1, 0
0.694226, 1, 1
0.694252, 1, 0
0.694304, 1, 1
0.694356, 1, 0
0.694434, 1, 1
0.694460, 1, 0
0.694694, 1, 1
0.694720, 1, 0
0.694746, 1, 1
0.694798, 1, 0
0.694824, 1, 1
0.694850, 1, 0
0.694876, 1, 1
0.694980, 1, 0
0.695214, 1, 1
0.695240, 1, 0
0.695474, 1, 1
0.695500, 1, 0
0.695734, 1, 1
0.695760, 1, 0
0.695838, 1, 1
0.695864, 1, 0
0.695994, 1, 1
0.696020, 1, 0
0.696072, 1, 1
0.696098, 1, 0
0.696124, 1, 1
0.696280, 1, 0
0.696306, 1, 1
0.696540, 1, 0
0.696566, 1, 1
0.696800, 1, 0
0.696930, 1, 1
0.696956, 1, 0
0.697008, 1, 1
0.697060, 1, 0
0.697086, 1, 1
0.697112, 1, 0
0.697294, 1, 1
0.697320, 1, 0
0.697554, 1, 1
0.697580, 1, 0
0.697632, 1, 1
0.697658, 1, 0
0.697736, 1, 1
0.697788, 1, 0
0.697814, 1, 1
2.170121, 0, 1
2.170147, 1, 1
2.170173, 0, 1
2.170355, 1, 1
2.170382, 0, 1
2.170408, 1, 1
2.170434, 0, 1
2.170460, 1, 1
2.170486, 0, 1
2.170616, 1, 1
2.170642, 0, 1
2.170772, 1, 1
2.170824, 0, 1
2.170877, 1, 1
2.170903, 0, 1
2.171137, 1, 1
2.171163, 0, 1
2.171189, 1, 1
2.171241, 0, 1
2.171398, 1, 1
2.171424, 0, 1
2.171528, 1, 1
2.171606, 0, 1
2.171658, 1, 1
2.207406, 1, 0
2.207432, 1, 1
2.207458, 1, 0
2.207640, 1, 1
2.207666, 1, 0
2.207744, 1, 1
2.207770, 1, 0
2.207900, 1, 1
2.207926, 1, 0
2.208056, 1, 1
2.208108, 1, 0
2.208134, 1, 1
2.208186, 1, 0
2.208420, 1, 1
2.208446, 1, 0
2.208524, 1, 1
2.208550, 1, 0
2.208576, 1, 1
2.208628, 1, 0
2.208654, 1, 1
2.258392, 1, 0
2.258418, 1, 1
2.258444, 1, 0
2.258626, 1, 1
2.258652, 1, 0
2.258678, 1, 1
2.258704, 1, 0
2.258730, 1, 1
2.258756, 1, 0
2.258886, 1, 1
2.258912, 1, 0
2.259042, 1, 1
2.259120, 1, 0
2.259146, 1, 1
2.259172, 1, 0
2.259406, 1, 1
2.259432, 1, 0
2.259458, 1, 1
2.259484, 1, 0
2.259666, 1, 1
2.259692, 1, 0
2.259744, 1, 1
2.259796, 1, 0
2.259822, 1, 1
2.259900, 1, 0
2.259926, 1, 1
2.309066, 1, 0
2.309092, 1, 1
2.309118, 1, 0
2.309300, 1, 1
2.309326, 1, 0
2.309378, 1, 1
2.309404, 1, 0
2.309430, 1, 1
2.309456, 1, 0
2.309560, 1, 1
2.309586, 1, 0
2.309742, 1, 1
2.309768, 1, 0
2.309820, 1, 1
2.309846, 1, 0
2.310080, 1, 1
2.310106, 1, 0
2.310132, 1, 1
2.310158, 1, 0
2.310236, 1, 1
2.310262, 1, 0
2.310340, 1, 1
2.310366, 1, 0
2.310470, 1, 1
2.310496, 1, 0
2.310600, 1, 1
2.310626, 1, 0
2.310704, 1, 1
2.310730, 1, 0
2.310860, 1, 1
2.310886, 1, 0
2.310912, 1, 1
2.311146, 1, 0
2.311172, 1, 1
2.311406, 1, 0
2.311640, 1, 1
2.311666, 1, 0
2.311692, 1, 1
2.311718, 1, 0
2.311744, 1, 1
2.311770, 1, 0
2.311848, 1, 1
2.311874, 1, 0
2.311900, 1, 1
2.316458, 0, 1
2.316459, 1, 1
2.316674, 0, 0
2.316675, 1, 1
2.764952, 1, 0
2.764978, 1, 1
2.765004, 1, 0
2.765186, 1, 1
2.765212, 1, 0
2.765264, 1, 1
2.765290, 1, 0
2.765316, 1, 1
2.765342, 1, 0
2.765446, 1, 1
2.765472, 1, 0
2.765628, 1, 1
2.765654, 1, 0
2.765706, 1, 1
2.765732, 1, 0
2.765966, 1, 1
2.765992, 1, 0
2.766018, 1, 1
2.766044, 1, 0
2.766122, 1, 1
2.766148, 1, 0
2.766226, 1, 1
2.766252, 1, 0
2.766356, 1, 1
2.766382, 1, 0
2.766486, 1, 1
2.766512, 1, 0
2.766590, 1, 1
2.766616, 1, 0
2.766746, 1, 1
2.766772, 1, 0
2.766798, 1, 1
2.766850, 1, 0
2.767006, 1, 1
2.767032, 1, 0
2.767266, 1, 1
2.767292, 1, 0
2.767526, 1, 1
2.767552, 1, 0
2.767604, 1, 1
2.767630, 1, 0
2.767656, 1, 1
2.767682, 1, 0
2.767734, 1, 1
2.767760, 1, 0
2.767786, 1, 1
3.272474, 1, 0
3.272500, 1, 1
3.272526, 1, 0
3.272708, 1, 1
3.272734, 1, 0
3.272786, 1, 1
3.272812, 1, 0
3.272838, 1, 1
3.272864, 1, 0
3.272968, 1, 1
3.272994, 1, 0
3.273150, 1, 1
3.273176, 1, 0
3.273228, 1, 1
3.273254, 1, 0
3.273488, 1, 1
3.273514, 1, 0
3.273540, 1, 1
3.273566, 1, 0
3.273644, 1, 1
3.273670, 1, 0
3.273748, 1, 1
3.273774, 1, 0
3.273878, 1, 1
3.273904, 1, 0
3.274008, 1, 1
3.274762, 1, 0
3.274840, 1, 1
3.274866, 1, 0
3.274996, 1, 1
3.275022, 1, 0
3.275048, 1, 1
3.275074, 1, 0
3.275100, 1, 1
3.275152, 1, 0
3.275256, 1, 1
3.275282, 1, 0
3.275516, 1, 1
3.275542, 1, 0
3.275776, 1, 1
3.275802, 1, 0
3.275880, 1, 1
3.275906, 1, 0
3.275932, 1, 1
3.275958, 1, 0
3.275984, 1, 1
3.276010, 1, 0
3.276036, 1, 1
3.777292, 1, 0
3.777318, 1, 1
3.777344, 1, 0
3.777526, 1, 1
3.777552, 1, 0
3.777604, 1, 1
3.777630, 1, 0
3.777656, 1, 1
3.777682, 1, 0
3.777786, 1, 1
3.777812, 1, 0
3.777968, 1, 1
3.777994, 1, 0
3.778046, 1, 1
3.778072, 1, 0
3.778306, 1, 1
3.779346, 1, 0
3.779372, 1, 1
3.779398, 1, 0
3.779476, 1, 1
3.779502, 1, 0
3.779580, 1, 1
3.779606, 1, 0
3.779710, 1, 1
3.779736, 1, 0
3.779840, 1, 1
3.779866, 1, 0
3.779944, 1, 1
3.779970, 1, 0
3.780100, 1, 1
3.780126, 1, 0
3.780152, 1, 1
3.780204, 1, 0
3.780230, 1, 1
3.780282, 1, 0
3.780360, 1, 1
3.780386, 1, 0
3.780620, 1, 1
3.780646, 1, 0
3.780880, 1, 1
3.780906, 1, 0
3.780958, 1, 1
3.780984, 1, 0
3.781062, 1, 1
3.781114, 1, 0
3.781140, 1, 1
4.283696, 1, 0
4.283722, 1, 1
4.283748, 1, 0
4.283930, 1, 1
4.283956, 1, 0
4.284008, 1, 1
4.284034, 1, 0
4.284060, 1, 1
4.284086, 1, 0
4.284190, 1, 1
4.284216, 1, 0
4.284372, 1, 1
4.284398, 1, 0
4.284450, 1, 1
4.284476, 1, 0
4.284710, 1, 1
4.284736, 1, 0
4.284762, 1, 1
4.284788, 1, 0
4.284866, 1, 1
4.284892, 1, 0
4.284970, 1, 1
4.284996, 1, 0
4.285100, 1, 1
4.285126, 1, 0
4.285230, 1, 1
4.285256, 1, 0
4.285334, 1, 1
4.285360, 1, 0
4.285490, 1, 1
4.285516, 1, 0
4.285568, 1, 1
4.285594, 1, 0
4.285620, 1, 1
4.285646, 1, 0
4.285672, 1, 1
4.285698, 1, 0
4.285750, 1, 1
4.285776, 1, 0
4.286010, 1, 1
4.286036, 1, 0
4.286270, 1, 1
4.287232, 1, 0
4.287258, 1, 1
4.287284, 1, 0
4.287362, 1, 1
4.287440, 1, 0
4.287466, 1, 1
4.790749, 1, 0
4.790775, 1, 1
4.790801, 1, 0
4.790983, 1, 1
4.791009, 1, 0
4.791061, 1, 1
4.791087, 1, 0
4.791113, 1, 1
4.791139, 1, 0
4.791243, 1, 1
4.791269, 1, 0
4.791425, 1, 1
4.791451, 1, 0
4.791503, 1, 1
4.791529, 1, 0
4.791763, 1, 1
4.791789, 1, 0
4.791815, 1, 1
4.791841, 1, 0
4.791919, 1, 1
4.791945, 1, 0
4.792023, 1, 1
4.792049, 1, 0
4.792153, 1, 1
4.792179, 1, 0
4.792283, 1, 1
4.792309, 1, 0
4.792387, 1, 1
4.792413, 1, 0
4.792543, 1, 1
4.792569, 1, 0
4.792595, 1, 1
4.792621, 1, 0
4.792673, 1, 1
4.792751, 1, 0
4.792803, 1, 1
4.792829, 1, 0
4.793063, 1, 1
4.793089, 1, 0
4.793323, 1, 1
4.793349, 1, 0
4.793557, 1, 1
5.296789, 1, 0
5.296815, 1, 1
5.296841, 1, 0
5.297023, 1, 1
5.297049, 1, 0
5.297101, 1, 1
5.297127, 1, 0
5.297153, 1, 1
5.297179, 1, 0
5.297283, 1, 1
5.297309, 1, 0
5.297465, 1, 1
5.297491, 1, 0
5.297543, 1, 1
5.297569, 1, 0
5.297803, 1, 1
5.297829, 1, 0
5.297855, 1, 1
5.297881, 1, 0
5.297959, 1, 1
5.297985, 1, 0
5.298063, 1, 1
5.298089, 1, 0
5.298193, 1, 1
5.298219, 1, 0
5.298323, 1, 1
5.298349, 1, 0
5.298427, 1, 1
5.298453, 1, 0
5.298583, 1, 1
5.298609, 1, 0
5.298713, 1, 1
5.298739, 1, 0
5.298791, 1, 1
5.298817, 1, 0
5.298843, 1, 1
5.298869, 1, 0
5.299103, 1, 1
5.299129, 1, 0
5.299363, 1, 1
5.299389, 1, 0
5.299415, 1, 1
5.299519, 1, 0
5.299597, 1, 1
5.586472, 0, 1
5.586498, 1, 1
5.586524, 0, 1
5.586707, 1, 1
5.586733, 0, 1
5.586759, 1, 1
5.586785, 0, 1
5.586811, 1, 1
5.586837, 0, 1
5.586967, 1, 1
5.586993, 0, 1
5.587019, 1, 1
5.587045, 0, 1
5.587149, 1, 1
5.587175, 0, 1
5.587228, 1, 1
5.587254, 0, 1
5.587488, 1, 1
5.587514, 0, 1
5.587566, 1, 1
5.587592, 0, 1
5.587671, 1, 1
5.587697, 0, 1
5.587749, 1, 1
5.587775, 0, 1
5.587879, 1, 1
5.587905, 0, 1
5.587957, 1, 1
5.587983, 0, 1
5.588009, 1, 1
5.601250, 1, 0
5.601276, 1, 1
5.601302, 1, 0
5.601484, 1, 1
5.601510, 1, 0
5.601588, 1, 1
5.601614, 1, 0
5.601744, 1, 1
5.601770, 1, 0
5.601796, 1, 1
5.601822, 1, 0
5.601926, 1, 1
5.601952, 1, 0
5.601978, 1, 1
5.602030, 1, 0
5.602264, 1, 1
5.602290, 1, 0
5.602316, 1, 1
5.602342, 1, 0
5.602368, 1, 1
5.602394, 1, 0
5.602446, 1, 1
5.602472, 1, 0
5.602498, 1, 1
5.651795, 1, 0
5.651821, 1, 1
5.651847, 1, 0
5.652029, 1, 1
5.652055, 1, 0
5.652107, 1, 1
5.652133, 1, 0
5.652159, 1, 1
5.652185, 1, 0
5.652289, 1, 1
5.652315, 1, 0
5.652471, 1, 1
5.652497, 1, 0
5.652549, 1, 1
5.652575, 1, 0
5.652809, 1, 1
5.652835, 1, 0
5.652861, 1, 1
5.652887, 1, 0
5.652965, 1, 1
5.652991, 1, 0
5.653069, 1, 1
5.653095, 1, 0
5.653199, 1, 1
5.653225, 1, 0
5.653329, 1, 1
5.653355, 1, 0
5.653433, 1, 1
5.653459, 1, 0
5.653589, 1, 1
5.653615, 1, 0
5.653641, 1, 1
5.653667, 1, 0
5.653745, 1, 1
5.653771, 1, 0
5.653797, 1, 1
5.653823, 1, 0
5.653849, 1, 1
5.653875, 1, 0
5.654109, 1, 1
5.654135, 1, 0
5.654369, 1, 1
5.654395, 1, 0
5.654499, 1, 1
5.654551, 1, 0
5.654603, 1, 1
5.702365, 1, 0
5.702391, 1, 1
5.702417, 1, 0
5.702599, 1, 1
5.702625, 1, 0
5.702703, 1, 1
5.702729, 1, 0
5.702755, 1, 1
5.702781, 1, 0
5.702859, 1, 1
5.702885, 1, 0
5.702937, 1, 1
5.702963, 1, 0
5.703041, 1, 1
5.703067, 1, 0
5.703119, 1, 1
5.703145, 1, 0
5.703379, 1, 1
5.703405, 1, 0
5.703431, 1, 1
5.703457, 1, 0
5.703483, 1, 1
5.703509, 1, 0
5.703587, 1, 1
5.703613, 1, 0
5.703639, 1, 1
5.703665, 1, 0
5.703717, 1, 1
5.703743, 1, 0
5.703795, 1, 1
5.703821, 1, 0
5.703899, 1, 1
5.703925, 1, 0
5.704003, 1, 1
5.704029, 1, 0
5.704107, 1, 1
5.704133, 1, 0
5.704159, 1, 1
5.704185, 1, 0
5.704211, 1, 1
5.704237, 1, 0
5.704289, 1, 1
5.704341, 1, 0
5.704419, 1, 1
5.704445, 1, 0
5.704679, 1, 1
5.704705, 1, 0
5.704731, 1, 1
5.704783, 1, 0
5.704809, 1, 1
5.704835, 1, 0
5.704861, 1, 1
5.704965, 1, 0
5.705199, 1, 1
5.705225, 1, 0
5.705459, 1, 1
5.705485, 1, 0
5.705719, 1, 1
5.705745, 1, 0
5.705823, 1, 1
5.705849, 1, 0
5.705979, 1, 1
5.706005, 1, 0
5.706057, 1, 1
5.706083, 1, 0
5.706109, 1, 1
5.706265, 1, 0
5.706291, 1, 1
5.706317, 1, 0
5.706395, 1, 1
5.706421, 1, 0
5.706447, 1, 1
5.706473, 1, 0
5.706499, 1, 1
5.706525, 1, 0
5.706759, 1, 1
5.706785, 1, 0
5.706915, 1, 1
5.706941, 1, 0
5.706993, 1, 1
5.707045, 1, 0
5.707071, 1, 1
5.707097, 1, 0
5.707279, 1, 1
5.707305, 1, 0
5.707539, 1, 1
5.707565, 1, 0
5.707591, 1, 1
5.707617, 1, 0
5.707643, 1, 1
5.707669, 1, 0
5.707695, 1, 1
5.707747, 1, 0
5.707773, 1, 1
5.802959, 1, 0
5.802985, 1, 1
5.803011, 1, 0
5.803193, 1, 1
5.803219, 1, 0
5.803271, 1, 1
5.803297, 1, 0
5.803323, 1, 1
5.803349, 1, 0
5.803453, 1, 1
5.803479, 1, 0
5.803635, 1, 1
5.803661, 1, 0
5.803713, 1, 1
5.803739, 1, 0
5.803973, 1, 1
5.803999, 1, 0
5.804025, 1, 1
5.804051, 1, 0
5.804129, 1, 1
5.804155, 1, 0
5.804233, 1, 1
5.804259, 1, 0
5.804363, 1, 1
5.804389, 1, 0
5.804493, 1, 1
5.804519, 1, 0
5.804597, 1, 1
5.804623, 1, 0
5.804753, 1, 1
5.804779, 1, 0
5.804805, 1, 1
5.804883, 1, 0
5.804909, 1, 1
5.804935, 1, 0
5.804961, 1, 1
5.804987, 1, 0
5.805013, 1, 1
5.805039, 1, 0
5.805273, 1, 1
5.805299, 1, 0
5.805533, 1, 1
5.805559, 1, 0
5.805611, 1, 1
5.805715, 1, 0
5.805767, 1, 1
6.311235, 1, 0
6.311261, 1, 1
6.311287, 1, 0
6.311469, 1, 1
6.311495, 1, 0
6.311547, 1, 1
6.311573, 1, 0
6.311599, 1, 1
6.311625, 1, 0
6.311729, 1, 1
6.311755, 1, 0
6.311911, 1, 1
6.311937, 1, 0
6.311989, 1, 1
6.312015, 1, 0
6.312249, 1, 1
6.312275, 1, 0
6.312301, 1, 1
6.312327, 1, 0
6.312405, 1, 1
6.312431, 1, 0
6.312509, 1, 1
6.312535, 1, 0
6.312639, 1, 1
6.312665, 1, 0
6.312769, 1, 1
6.312795, 1, 0
6.312873, 1, 1
6.312899, 1, 0
6.313029, 1, 1
6.313055, 1, 0
6.313081, 1, 1
6.313159, 1, 0
6.313211, 1, 1
6.313263, 1, 0
6.313289, 1, 1
6.313315, 1, 0
6.313549, 1, 1
6.313575, 1, 0
6.313809, 1, 1
6.313835, 1, 0
6.313887, 1, 1
6.313965, 1, 0
6.313991, 1, 1
6.314017, 1, 0
6.314043, 1, 1
6.818341, 1, 0
6.818367, 1, 1
6.818393, 1, 0
6.818575, 1, 1
6.818601, 1, 0
6.818653, 1, 1
6.818679, 1, 0
6.818705, 1, 1
6.818731, 1, 0
6.818835, 1, 1
6.818861, 1, 0
6.819017, 1, 1
6.819043, 1, 0
6.819095, 1, 1
6.819121, 1, 0
6.819355, 1, 1
6.819381, 1, 0
6.819407, 1, 1
6.819433, 1, 0
6.819511, 1, 1
6.819537, 1, 0
6.819615, 1, 1
6.819641, 1, 0
6.819745, 1, 1
6.819771, 1, 0
6.819875, 1, 1
6.819901, 1, 0
6.819979, 1, 1
6.820005, 1, 0
6.820135, 1, 1
6.820161, 1, 0
6.820187, 1, 1
6.820213, 1, 0
6.820239, 1, 1
6.820265, 1, 0
6.820291, 1, 1
6.820369, 1, 0
6.820395, 1, 1
6.820421, 1, 0
6.820655, 1, 1
6.820681, 1, 0
6.820915, 1, 1
6.820941, 1, 0
6.821019, 1, 1
6.821123, 1, 0
6.821149, 1, 1
7.325395, 1, 0
7.325421, 1, 1
7.325447, 1, 0
7.325629, 1, 1
7.325655, 1, 0
7.325707, 1, 1
7.325733, 1, 0
7.325759, 1, 1
7.325785, 1, 0
7.325889, 1, 1
7.325915, 1, 0
7.326071, 1, 1
7.326097, 1, 0
7.326149, 1, 1
7.326175, 1, 0
7.326409, 1, 1
7.326435, 1, 0
7.326461, 1, 1
7.326487, 1, 0
7.326565, 1, 1
7.326591, 1, 0
7.326669, 1, 1
7.326695, 1, 0
7.326799, 1, 1
7.326825, 1, 0
7.326929, 1, 1
7.326955, 1, 0
7.327033, 1, 1
7.327059, 1, 0
7.327189, 1, 1
7.327215, 1, 0
7.327241, 1, 1
7.327267, 1, 0
7.327293, 1, 1
7.327319, 1, 0
7.327423, 1, 1
7.327475, 1, 0
7.327709, 1, 1
7.327735, 1, 0
7.327969, 1, 1
7.327995, 1, 0
7.328073, 1, 1
7.328125, 1, 0
7.328177, 1, 1
7.833853, 1, 0
7.833879, 1, 1
7.833905, 1, 0
7.834087, 1, 1
7.834113, 1, 0
7.834165, 1, 1
7.834191, 1, 0
7.834217, 1, 1
7.834243, 1, 0
7.834347, 1, 1
7.834373, 1, 0
7.834529, 1, 1
7.834555, 1, 0
7.834607, 1, 1
7.834633, 1, 0
7.834867, 1, 1
7.834893, 1, 0
7.834919, 1, 1
7.834945, 1, 0
7.835023, 1, 1
7.835049, 1, 0
7.835127, 1, 1
7.835153, 1, 0
7.835257, 1, 1
7.835283, 1, 0
7.835387, 1, 1
7.835413, 1, 0
7.835491, 1, 1
7.835517, 1, 0
7.835647, 1, 1
7.835673, 1, 0
7.835751, 1, 1
7.835777, 1, 0
7.835803, 1, 1
7.835829, 1, 0
7.835881, 1, 1
7.835933, 1, 0
7.836167, 1, 1
7.836193, 1, 0
7.836427, 1, 1
7.836453, 1, 0
7.836479, 1, 1
7.836531, 1, 0
7.836557, 1, 1
7.836609, 1, 0
7.836635, 1, 1
8.342389, 1, 0
8.342415, 1, 1
8.342441, 1, 0
8.342623, 1, 1
8.342649, 1, 0
8.342701, 1, 1
8.342727, 1, 0
8.342753, 1, 1
8.342779, 1, 0
8.342883, 1, 1
8.342909, 1, 0
8.343065, 1, 1
8.343091, 1, 0
8.343143, 1, 1
8.343169, 1, 0
8.343403, 1, 1
8.343429, 1, 0
8.343455, 1, 1
8.343481, 1, 0
8.343559, 1, 1
8.343585, 1, 0
8.343663, 1, 1
8.343689, 1, 0
8.343793, 1, 1
8.343819, 1, 0
8.343923, 1, 1
8.343949, 1, 0
8.344027, 1, 1
8.344053, 1, 0
8.344183, 1, 1
8.344209, 1, 0
8.344235, 1, 1
8.344287, 1, 0
8.344365, 1, 1
8.344391, 1, 0
8.344417, 1, 1
8.344469, 1, 0
8.344703, 1, 1
8.344729, 1, 0
8.344963, 1, 1
8.344989, 1, 0
8.345041, 1, 1
8.345067, 1, 0
8.345093, 1, 1
8.345119, 1, 0
8.345145, 1, 1
8.851886, 1, 0
8.851912, 1, 1
8.851938, 1, 0
8.852120, 1, 1
8.852146, 1, 0
8.852198, 1, 1
8.852224, 1, 0
8.852250, 1, 1
8.852276, 1, 0
8.852380, 1, 1
8.852406, 1, 0
8.852562, 1, 1
8.852588, 1, 0
8.852640, 1, 1
8.852666, 1, 0
8.852900, 1, 1
8.852926, 1, 0
8.852952, 1, 1
8.852978, 1, 0
8.853056, 1, 1
8.853082, 1, 0
8.853160, 1, 1
8.853186, 1, 0
8.853290, 1, 1
8.853316, 1, 0
8.853420, 1, 1
8.853446, 1, 0
8.853524, 1, 1
8.853550, 1, 0
8.853680, 1, 1
8.853706, 1, 0
8.853732, 1, 1
8.853784, 1, 0
8.853836, 1, 1
8.853888, 1, 0
8.853914, 1, 1
8.853966, 1, 0
8.854200, 1, 1
8.854226, 1, 0
8.854460, 1, 1
8.854486, 1, 0
8.854538, 1, 1
8.854564, 1, 0
8.854590, 1, 1
9.361982, 1, 0
9.362008, 1, 1
9.362034, 1, 0
9.362216, 1, 1
9.362242, 1, 0
9.362294, 1, 1
9.362320, 1, 0
9.362346, 1, 1
9.362372, 1, 0
9.362476, 1, 1
9.362502, 1, 0
9.362658, 1, 1
9.362684, 1, 0
9.362736, 1, 1
9.362762, 1, 0
9.362996, 1, 1
9.363022, 1, 0
9.363048, 1, 1
9.363074, 1, 0
9.363152, 1, 1
9.363178, 1, 0
9.363256, 1, 1
9.363282, 1, 0
9.363386, 1, 1
9.363412, 1, 0
9.363516, 1, 1
9.363542, 1, 0
9.363620, 1, 1
9.363646, 1, 0
9.363776, 1, 1
9.363802, 1, 0
9.363854, 1, 1
9.363880, 1, 0
9.363984, 1, 1
9.364062, 1, 0
9.364296, 1, 1
9.364322, 1, 0
9.364556, 1, 1
9.364582, 1, 0
9.364608, 1, 1
9.364634, 1, 0
9.364686, 1, 1
9.364712, 1, 0
9.364816, 1, 1
9.869556, 1, 0
9.869582, 1, 1
9.869608, 1, 0
9.869790, 1, 1
9.869816, 1, 0
9.869868, 1, 1
9.869894, 1, 0
9.869920, 1, 1
9.869946, 1, 0
9.870050, 1, 1
9.870076, 1, 0
9.870232, 1, 1
9.870258, 1, 0
9.870310, 1, 1
9.870336, 1, 0
9.870570, 1, 1
9.870596, 1, 0
9.870622, 1, 1
9.870648, 1, 0
9.870726, 1, 1
9.870752, 1, 0
9.870830, 1, 1
9.870856, 1, 0
9.870960, 1, 1
9.870986, 1, 0
9.871090, 1, 1
9.871116, 1, 0
9.871194, 1, 1
9.871220, 1, 0
9.871350, 1, 1
9.871376, 1, 0
9.871402, 1, 1
9.871428, 1, 0
9.871506, 1, 1
9.871532, 1, 0
9.871558, 1, 1
9.871636, 1, 0
9.871870, 1, 1
9.871896, 1, 0
9.872130, 1, 1
9.872156, 1, 0
9.872260, 1, 1
9.872312, 1, 0
9.872390, 1, 1
10.380562, 1, 0
10.380588, 1, 1
10.380614, 1, 0
10.380796, 1, 1
10.380822, 1, 0
10.380874, 1, 1
10.380900, 1, 0
10.380926, 1, 1
10.380952, 1, 0
10.381056, 1, 1
10.382174, 1, 0
10.382330, 1, 1
10.382356, 1, 0
10.382408, 1, 1
10.382434, 1, 0
10.382668, 1, 1
10.382694, 1, 0
10.382720, 1, 1
10.382746, 1, 0
10.382824, 1, 1
10.382850, 1, 0
10.382928, 1, 1
10.382954, 1, 0
10.383058, 1, 1
10.383084, 1, 0
10.383188, 1, 1
10.383214, 1, 0
10.383292, 1, 1
10.383318, 1, 0
10.383448, 1, 1
10.383474, 1, 0
10.383500, 1, 1
10.383526, 1, 0
10.383630, 1, 1
10.383734, 1, 0
10.383968, 1, 1
10.383994, 1, 0
10.384228, 1, 1
10.384254, 1, 0
10.384358, 1, 1
10.384384, 1, 0
10.384410, 1, 1
10.384436, 1, 0
10.384488, 1, 1
10.613704, 0, 1
10.613730, 1, 1
10.613756, 0, 1
10.613939, 1, 1
10.613965, 0, 1
10.613991, 1, 1
10.614017, 0, 1
10.614043, 1, 1
10.614069, 0, 1
10.614199, 1, 1
10.614225, 0, 1
10.614251, 1, 1
10.614277, 0, 1
10.614381, 1, 1
10.614408, 0, 1
10.614460, 1, 1
10.614486, 0, 1
10.614720, 1, 1
10.614746, 0, 1
10.614798, 1, 1
10.614824, 0, 1
10.614903, 1, 1
10.614929, 0, 1
10.614981, 1, 1
10.615007, 0, 1
10.615111, 1, 1
10.615137, 0, 1
10.615189, 1, 1
10.615215, 0, 1
10.615241, 1, 1
10.813699, 0, 1
10.813934, 1, 1
10.813960, 0, 1
10.814194, 1, 1
10.814220, 0, 1
10.814455, 1, 1
10.814481, 0, 1
10.814715, 1, 1
10.814741, 0, 1
10.814976, 1, 1
10.815002, 0, 1
10.815236, 1, 1
10.815262, 0, 1
10.815497, 1, 1
10.815523, 0, 1
10.815757, 1, 1
10.815783, 0, 1
10.816018, 1, 1
10.816044, 0, 1
10.816279, 1, 1
10.816305, 0, 1
10.816539, 1, 1
10.816565, 0, 1
10.816800, 1, 1
10.816826, 0, 1
10.817060, 1, 1
10.817086, 0, 1
10.817321, 1, 1
10.817347, 0, 1
10.817581, 1, 1
10.817607, 0, 1
10.817842, 1, 1
10.834699, 0, 1
10.834934, 1, 1
10.834960, 0, 1
10.835194, 1, 1
10.835220, 0, 1
10.835455, 1, 1
10.835481, 0, 1
10.835715, 1, 1
10.835741, 0, 1
10.835976, 1, 1
10.836002, 0, 1
10.836236, 1, 1
10.836262, 0, 1
10.836497, 1, 1
10.836523, 0, 1
10.836757, 1, 1
10.836783, 0, 0
10.836784, 0, 1
10.837018, 1, 1
10.837044, 0, 1
10.837279, 1, 1
10.837305, 0, 1
10.837539, 1, 1
10.837565, 0, 1
10.837800, 1, 1
10.837826, 0, 1
10.838060, 1, 1
10.838086, 0, 1
10.838321, 1, 1
10.838347, 0, 1
10.838581, 1, 1
10.838607, 0, 1
10.838842, 1, 1
10.855829, 0, 1
10.856064, 1, 1
10.856090, 0, 1
10.856324, 1, 1
10.856350, 0, 1
10.856585, 1, 1
10.856611, 0, 1
10.856846, 1, 1
10.856872, 0, 1
10.857106, 1, 1
10.857132, 0, 1
10.857367, 1, 1
10.857393, 0, 1
10.857627, 1, 1
10.857653, 0, 1
10.857888, 1, 1
10.857914, 0, 1
10.858148, 1, 1
10.858174, 0, 1
10.858409, 1, 1
10.858435, 0, 1
10.858669, 1, 1
10.858695, 0, 1
10.858930, 1, 1
10.858956, 0, 1
10.859190, 1, 1
10.859216, 0, 1
10.859451, 1, 1
10.859477, 0, 1
10.859712, 1, 1
10.859738, 0, 1
10.859972, 1, 1
10.876699, 0, 1
10.876934, 1, 1
10.876960, 0, 1
10.877194, 1, 1
10.877220, 0, 1
10.877455, 1, 1
10.877481, 0, 1
10.877715, 1, 1
10.877741, 0, 1
10.877976, 1, 1
10.878002, 0, 1
10.878236, 1, 1
10.878262, 0, 1
10.878497, 1, 1
10.878523, 0, 1
10.878757, 1, 1
10.878783, 0, 1
10.879018, 1, 1
10.879044, 0, 1
10.879279, 1, 1
10.879305, 0, 1
10.879539, 1, 1
10.879565, 0, 1
10.879800, 1, 1
10.879826, 0, 1
10.880060, 1, 1
10.880086, 0, 1
10.880321, 1, 1
10.880347, 0, 1
10.880581, 1, 1
10.880607, 0, 1
10.880842, 1, 1
10.891594, 1, 0
10.891620, 1, 1
10.891646, 1, 0
10.891828, 1, 1
10.891854, 1, 0
10.891906, 1, 1
10.891932, 1, 0
10.891958, 1, 1
10.891984, 1, 0
10.892088, 1, 1
10.892114, 1, 0
10.892270, 1, 1
10.892296, 1, 0
10.892348, 1, 1
10.892374, 1, 0
10.892608, 1, 1
10.892634, 1, 0
10.892660, 1, 1
10.892686, 1, 0
10.892764, 1, 1
10.892790, 1, 0
10.892868, 1, 1
10.892894, 1, 0
10.892998, 1, 1
10.893024, 1, 0
10.893128, 1, 1
10.893154, 1, 0
10.893232, 1, 1
10.893258, 1, 0
10.893388, 1, 1
10.893414, 1, 0
10.893544, 1, 1
10.893674, 1, 0
10.893908, 1, 1
10.893934, 1, 0
10.894168, 1, 1
10.894194, 1, 0
10.894220, 1, 1
10.894298, 1, 0
10.894324, 1, 1
10.894376, 1, 0
10.894428, 1, 1
10.897725, 0, 1
10.897959, 1, 1
10.897985, 0, 1
10.898220, 1, 1
10.898246, 0, 1
10.898480, 1, 1
10.898506, 0, 1
10.898741, 1, 1
10.898767, 0, 1
10.899001, 1, 1
10.899027, 0, 1
10.899262, 1, 1
10.899288, 0, 1
10.899522, 1, 1
10.899548, 0, 1
10.899783, 1, 1
10.899809, 0, 1
10.900043, 1, 1
10.900069, 0, 1
10.900304, 1, 1
10.900330, 0, 1
10.900565, 1, 1
10.900591, 0, 1
10.900825, 1, 1
10.900851, 0, 1
10.901086, 1, 1
10.901112, 0, 1
10.901346, 1, 1
10.901372, 0, 1
10.901607, 1, 1
10.901633, 0, 1
10.901867, 1, 1
10.919715, 0, 1
10.919949, 1, 1
10.919975, 0, 1
10.920210, 1, 1
10.920236, 0, 1
10.920470, 1, 1
10.920496, 0, 1
10.920731, 1, 1
10.920757, 0, 1
10.920991, 1, 1
10.921017, 0, 1
10.921252, 1, 1
10.921278, 0, 1
10.921512, 1, 1
10.921538, 0, 1
10.921773, 1, 1
10.921799, 0, 1
10.922034, 1, 1
10.922060, 0, 1
10.922294, 1, 1
10.922320, 0, 1
10.922555, 1, 1
10.922581, 0, 1
10.922815, 1, 1
10.922841, 0, 1
10.923076, 1, 1
10.923102, 0, 1
10.923336, 1, 1
10.923362, 0, 1
10.923597, 1, 1
10.923623, 0, 1
10.923857, 1, 1
10.940715, 0, 1
10.940949, 1, 1
10.940975, 0, 1
10.941210, 1, 1
10.941236, 0, 1
10.941470, 1, 1
10.941496, 0, 1
10.941731, 1, 1
10.941757, 0, 1
10.941991, 1, 1
10.942017, 0, 1
10.942252, 1, 1
10.942278, 0, 1
10.942512, 1, 1
10.942538, 0, 1
10.942773, 1, 1
10.942799, 0, 1
10.943034, 1, 1
10.943060, 0, 1
10.943294, 1, 1
10.943320, 0, 1
10.943555, 1, 1
10.943581, 0, 1
10.943815, 1, 1
10.943841, 0, 1
10.944076, 1, 1
10.944102, 0, 1
10.944336, 1, 1
10.944362, 0, 1
10.944597, 1, 1
10.944623, 0, 1
10.944857, 1, 1
10.961819, 0, 1
10.962053, 1, 1
10.962079, 0, 1
10.962314, 1, 1
10.962340, 0, 1
10.962574, 1, 1
10.962601, 0, 1
10.962835, 1, 1
10.962861, 0, 1
10.963096, 1, 1
10.963122, 0, 1
10.963356, 1, 1
10.963382, 0, 1
10.963617, 1, 1
10.963643, 0, 1
10.963877, 1, 1
10.963903, 0, 1
10.964138, 1, 1
10.964164, 0, 1
10.964398, 1, 1
10.964424, 0, 1
10.964659, 1, 1
10.964685, 0, 1
10.964919, 1, 1
10.964945, 0, 1
10.965180, 1, 1
10.965206, 0, 1
10.965440, 1, 1
10.965467, 0, 1
10.965701, 1, 1
10.965727, 0, 1
10.965962, 1, 1
10.982819, 0, 1
10.983053, 1, 1
10.983079, 0, 1
10.983314, 1, 1
10.983340, 0, 1
10.983574, 1, 1
10.983601, 0, 1
10.983835, 1, 1
10.983861, 0, 1
10.984096, 1, 1
10.984122, 0, 1
10.984356, 1, 1
10.984382, 0, 1
10.984617, 1, 1
10.984643, 0, 1
10.984877, 1, 1
10.984903, 0, 1
10.985138, 1, 1
10.985164, 0, 1
10.985398, 1, 1
10.985424, 0, 1
10.985659, 1, 1
10.985685, 0, 1
10.985919, 1, 1
10.985945, 0, 1
10.986180, 1, 1
10.986206, 0, 1
10.986440, 1, 1
10.986467, 0, 1
10.986701, 1, 1
10.986727, 0, 1
10.986962, 1, 1
11.003715, 0, 1
11.003949, 1, 1
11.003975, 0, 1
11.004210, 1, 1
11.004236, 0, 1
11.004470, 1, 1
11.004496, 0, 1
11.004731, 1, 1
11.004757, 0, 1
11.004991, 1, 1
11.005017, 0, 1
11.005252, 1, 1
11.005278, 0, 1
11.005512, 1, 1
11.005538, 0, 1
11.005773, 1, 1
11.005799, 0, 1
11.006034, 1, 1
11.006060, 0, 1
11.006294, 1, 1
11.006320, 0, 1
11.006555, 1, 1
11.006581, 0, 1
11.006815, 1, 1
11.006841, 0, 1
11.007076, 1, 1
11.007102, 0, 1
11.007336, 1, 1
11.007362, 0, 1
11.007597, 1, 1
11.007623, 0, 1
11.007857, 1, 1
11.024819, 0, 1
11.025053, 1, 1
11.025079, 0, 1
11.025314, 1, 1
11.025340, 0, 1
11.025574, 1, 1
11.025601, 0, 1
11.025835, 1, 1
11.025861, 0, 1
11.026096, 1, 1
11.026122, 0, 1
11.026356, 1, 1
11.026382, 0, 1
11.026617, 1, 1
11.026643, 0, 1
11.026877, 1, 1
11.026903, 0, 1
11.027138, 1, 1
11.027164, 0, 1
11.027398, 1, 1
11.027424, 0, 1
11.027659, 1, 1
11.027685, 0, 1
11.027919, 1, 1
11.027945, 0, 1
11.028180, 1, 1
11.028206, 0, 1
11.028440, 1, 1
11.028467, 0, 1
11.028701, 1, 1
11.028727, 0, 1
11.028962, 1, 1
11.045741, 0, 1
11.045975, 1, 1
11.046001, 0, 1
11.046236, 1, 1
11.046262, 0, 1
11.046496, 1, 1
11.046522, 0, 1
11.046757, 1, 1
11.046783, 0, 1
11.047017, 1, 1
11.047043, 0, 1
11.047278, 1, 1
11.047304, 0, 1
11.047539, 1, 1
11.047565, 0, 1
11.047799, 1, 1
11.047825, 0, 1
11.048060, 1, 1
11.048086, 0, 1
11.048320, 1, 1
11.048346, 0, 1
11.048581, 1, 1
11.048607, 0, 1
11.048841, 1, 1
11.048867, 0, 1
11.049102, 1, 1
11.049128, 0, 1
11.049362, 1, 1
11.049388, 0, 1
11.049623, 1, 1
11.049649, 0, 1
11.049883, 1, 1
11.066741, 0, 1
11.066975, 1, 1
11.067001, 0, 1
11.067236, 1, 1
11.067262, 0, 1
11.067496, 1, 1
11.067522, 0, 1
11.067757, 1, 1
11.067783, 0, 1
11.068017, 1, 1
11.068043, 0, 1
11.068278, 1, 1
11.068304, 0, 1
11.068539, 1, 1
11.068565, 0, 1
11.068799, 1, 1
11.068825, 0, 1
11.069060, 1, 1
11.069086, 0, 1
11.069320, 1, 1
11.069346, 0, 1
11.069581, 1, 1
11.069607, 0, 1
11.069841, 1, 1
11.069867, 0, 1
11.070102, 1, 1
11.070128, 0, 1
11.070362, 1, 1
11.070388, 0, 1
11.070623, 1, 1
11.070649, 0, 1
11.070883, 1, 1
11.087715, 0, 1
11.087949, 1, 1
11.087975, 0, 1
11.088210, 1, 1
11.088236, 0, 1
11.088470, 1, 1
11.088496, 0, 1
11.088731, 1, 1
11.088757, 0, 1
11.088991, 1, 1
11.089017, 0, 1
11.089252, 1, 1
11.089278, 0, 1
11.089512, 1, 1
11.089538, 0, 1
11.089773, 1, 1
11.089799, 0, 1
11.090034, 1, 1
11.090060, 0, 1
11.090294, 1, 1
11.090320, 0, 1
11.090555, 1, 1
11.090581, 0, 1
11.090815, 1, 1
11.090841, 0, 1
11.091076, 1, 1
11.091102, 0, 1
11.091336, 1, 1
11.091362, 0, 1
11.091597, 1, 1
11.091623, 0, 1
11.091857, 1, 1
11.108845, 0, 1
11.109079, 1, 1
11.109105, 0, 1
11.109340, 1, 1
11.109366, 0, 1
11.109601, 1, 1
11.109627, 0, 1
11.109861, 1, 1
11.109887, 0, 1
11.110122, 1, 1
11.110148, 0, 1
11.110382, 1, 1
11.110408, 0, 1
11.110643, 1, 1
11.110669, 0, 1
11.110903, 1, 1
11.110929, 0, 1
11.111164, 1, 1
11.111190, 0, 1
11.111424, 1, 1
11.111450, 0, 1
11.111685, 1, 1
11.111711, 0, 1
11.111945, 1, 1
11.111972, 0, 1
11.112206, 1, 1
11.112232, 0, 1
11.112467, 1, 1
11.112493, 0, 1
11.112727, 1, 1
11.112753, 0, 1
11.112988, 1, 1
11.129845, 0, 1
11.130079, 1, 1
11.130105, 0, 1
11.130340, 1, 1
11.130366, 0, 1
11.130601, 1, 1
11.130627, 0, 1
11.130861, 1, 1
11.130887, 0, 1
11.131122, 1, 1
11.131148, 0, 1
11.131382, 1, 1
11.131408, 0, 1
11.131643, 1, 1
11.131669, 0, 1
11.131903, 1, 1
11.131929, 0, 1
11.132164, 1, 1
11.132190, 0, 1
11.132424, 1, 1
11.132450, 0, 1
11.132685, 1, 1
11.132711, 0, 1
11.132945, 1, 1
11.132972, 0, 1
11.133206, 1, 1
11.133232, 0, 1
11.133467, 1, 1
11.133493, 0, 1
11.133727, 1, 1
11.133753, 0, 1
11.133988, 1, 1
11.150715, 0, 1
11.150949, 1, 1
11.150975, 0, 1
11.151210, 1, 1
11.151236, 0, 1
11.151470, 1, 1
11.151496, 0, 1
11.151731, 1, 1
11.151757, 0, 1
11.151991, 1, 1
11.152017, 0, 1
11.152252, 1, 1
11.152278, 0, 1
11.152512, 1, 1
11.152539, 0, 1
11.152773, 1, 1
11.152799, 0, 1
11.153034, 1, 1
11.153060, 0, 1
11.153294, 1, 1
11.153320, 0, 1
11.153555, 1, 1
11.153581, 0, 1
11.153815, 1, 1
11.153841, 0, 1
11.154076, 1, 1
11.154102, 0, 1
11.154336, 1, 1
11.154362, 0, 1
11.154597, 1, 1
11.154623, 0, 1
11.154857, 1, 1
11.251728, 0, 1
11.251754, 1, 1
11.251780, 0, 1
11.251963, 1, 1
11.251989, 0, 1
11.252015, 1, 1
11.252041, 0, 1
11.252067, 1, 1
11.252093, 0, 1
11.252223, 1, 1
11.252249, 0, 1
11.252275, 1, 1
11.252302, 0, 1
11.252406, 1, 1
11.252432, 0, 1
11.252484, 1, 1
11.252510, 0, 1
11.252744, 1, 1
11.252771, 0, 1
11.252823, 1, 1
11.252849, 0, 1
11.252927, 1, 1
11.252953, 0, 1
11.253005, 1, 1
11.253031, 0, 1
11.253135, 1, 1
11.253161, 0, 1
11.253213, 1, 1
11.253240, 0, 1
11.253266, 1, 1
11.293685, 1, 0
11.293711, 1, 1
11.293737, 1, 0
11.293919, 1, 1
11.293945, 1, 0
11.294023, 1, 1
11.294049, 1, 0
11.294179, 1, 1
11.294205, 1, 0
11.294231, 1, 1
11.294257, 1, 0
11.294361, 1, 1
11.294387, 1, 0
11.294413, 1, 1
11.294465, 1, 0
11.294699, 1, 1
11.294725, 1, 0
11.294751, 1, 1
11.294777, 1, 0
11.294803, 1, 1
11.294829, 1, 0
11.294881, 1, 1
11.294907, 1, 0
11.294933, 1, 1
11.344620, 1, 0
11.344646, 1, 1
11.344672, 1, 0
11.344854, 1, 1
11.344880, 1, 0
11.344932, 1, 1
11.344958, 1, 0
11.344984, 1, 1
11.345010, 1, 0
11.345114, 1, 1
11.345140, 1, 0
11.345296, 1, 1
11.345322, 1, 0
11.345374, 1, 1
11.346102, 1, 0
11.346336, 1, 1
11.346362, 1, 0
11.346388, 1, 1
11.346414, 1, 0
11.346492, 1, 1
11.346518, 1, 0
11.346596, 1, 1
11.346622, 1, 0
11.346726, 1, 1
11.346752, 1, 0
11.346856, 1, 1
11.346882, 1, 0
11.346960, 1, 1
11.346986, 1, 0
11.347116, 1, 1
11.347142, 1, 0
11.347220, 1, 1
11.347402, 1, 0
11.347636, 1, 1
11.347662, 1, 0
11.347896, 1, 1
11.348780, 1, 0
11.348806, 1, 1
11.348858, 1, 0
11.348962, 1, 1
11.348988, 1, 0
11.349014, 1, 1
11.395060, 1, 0
11.395086, 1, 1
11.395112, 1, 0
11.395294, 1, 1
11.395320, 1, 0
11.395398, 1, 1
11.395424, 1, 0
11.395450, 1, 1
11.395476, 1, 0
11.395554, 1, 1
11.395580, 1, 0
11.395632, 1, 1
11.395658, 1, 0
11.395736, 1, 1
11.395762, 1, 0
11.395814, 1, 1
11.395840, 1, 0
11.396074, 1, 1
11.396100, 1, 0
11.396126, 1, 1
11.396152, 1, 0
11.396178, 1, 1
11.396204, 1, 0
11.396282, 1, 1
11.396308, 1, 0
11.396334, 1, 1
11.396360, 1, 0
11.396412, 1, 1
11.396438, 1, 0
11.396490, 1, 1
11.396516, 1, 0
11.396594, 1, 1
11.396620, 1, 0
11.396698, 1, 1
11.396724, 1, 0
11.396802, 1, 1
11.396828, 1, 0
11.396854, 1, 1
11.397972, 1, 0
11.397998, 1, 1
11.398024, 1, 0
11.398076, 1, 1
11.398128, 1, 0
11.398206, 1, 1
11.398232, 1, 0
11.398466, 1, 1
11.398492, 1, 0
11.398518, 1, 1
11.398570, 1, 0
11.398596, 1, 1
11.398622, 1, 0
11.398648, 1, 1
11.398752, 1, 0
11.398986, 1, 1
11.399012, 1, 0
11.399246, 1, 1
11.399272, 1, 0
11.399506, 1, 1
11.399532, 1, 0
11.399610, 1, 1
11.399636, 1, 0
11.399766, 1, 1
11.399792, 1, 0
11.399844, 1, 1
11.399870, 1, 0
11.399896, 1, 1
11.400052, 1, 0
11.400130, 1, 1
11.400312, 1, 0
11.400546, 1, 1
11.400572, 1, 0
11.400702, 1, 1
11.400728, 1, 0
11.400780, 1, 1
11.400832, 1, 0
11.400858, 1, 1
11.400884, 1, 0
11.401066, 1, 1
11.401092, 1, 0
11.401326, 1, 1
11.401352, 1, 0
11.401508, 1, 1
11.401560, 1, 0
11.401586, 1, 1
11.447424, 1, 0
11.447450, 1, 1
11.447476, 1, 0
11.447658, 1, 1
11.447684, 1, 0
11.447736, 1, 1
11.447762, 1, 0
11.447788, 1, 1
11.447814, 1, 0
11.447918, 1, 1
11.447944, 1, 0
11.448100, 1, 1
11.448126, 1, 0
11.448178, 1, 1
11.448204, 1, 0
11.448438, 1, 1
11.448464, 1, 0
11.448490, 1, 1
11.448516, 1, 0
11.448594, 1, 1
11.448620, 1, 0
11.448698, 1, 1
11.448724, 1, 0
11.448828, 1, 1
11.448854, 1, 0
11.448958, 1, 1
11.448984, 1, 0
11.449062, 1, 1
11.449088, 1, 0
11.449218, 1, 1
11.449244, 1, 0
11.449270, 1, 1
11.449504, 1, 0
11.449738, 1, 1
11.449764, 1, 0
11.449998, 1, 1
11.450024, 1, 0
11.450076, 1, 1
11.450128, 1, 0
11.450206, 1, 1
11.450232, 1, 0
11.450258, 1, 1
11.909134, 1, 0
11.909160, 1, 1
11.909186, 1, 0
11.909368, 1, 1
11.909394, 1, 0
11.909446, 1, 1
11.909472, 1, 0
11.909498, 1, 1
11.909524, 1, 0
11.909628, 1, 1
11.909654, 1, 0
11.909810, 1, 1
11.909836, 1, 0
11.909888, 1, 1
11.909914, 1, 0
11.910148, 1, 1
11.910174, 1, 0
11.910200, 1, 1
11.910226, 1, 0
11.910304, 1, 1
11.910330, 1, 0
11.910408, 1, 1
11.910434, 1, 0
11.910538, 1, 1
11.910564, 1, 0
11.910668, 1, 1
11.910694, 1, 0
11.910772, 1, 1
11.910798, 1, 0
11.910928, 1, 1
11.910954, 1, 0
11.910980, 1, 1
11.911084, 1, 0
11.911188, 1, 1
11.911214, 1, 0
11.911240, 1, 1
11.911266, 1, 0
11.911448, 1, 1
11.911474, 1, 0
11.911708, 1, 1
11.911734, 1, 0
11.911760, 1, 1
11.911838, 1, 0
11.911864, 1, 1
11.911890, 1, 0
11.911916, 1, 1
11.911942, 1, 0
11.911968, 1, 1
12.418164, 1, 0
12.418190, 1, 1
12.418216, 1, 0
12.418398, 1, 1
12.418424, 1, 0
12.418476, 1, 1
12.418502, 1, 0
12.418528, 1, 1
12.418554, 1, 0
12.418658, 1, 1
12.418684, 1, 0
12.418840, 1, 1
12.418866, 1, 0
12.418918, 1, 1
12.418944, 1, 0
12.419178, 1, 1
12.419204, 1, 0
12.419230, 1, 1
12.419256, 1, 0
12.419334, 1, 1
12.419360, 1, 0
12.419438, 1, 1
12.419464, 1, 0
12.419568, 1, 1
12.419594, 1, 0
12.419698, 1, 1
12.419724, 1, 0
12.419802, 1, 1
12.419828, 1, 0
12.419958, 1, 1
12.419984, 1, 0
12.420036, 1, 1
12.420140, 1, 0
12.420218, 1, 1
12.420244, 1, 0
12.420270, 1, 1
12.420296, 1, 0
12.420478, 1, 1
12.420504, 1, 0
12.420738, 1, 1
12.420764, 1, 0
12.420816, 1, 1
12.420868, 1, 0
12.420920, 1, 1
12.420972, 1, 0
12.420998, 1, 1
12.926751, 1, 0
12.926777, 1, 1
12.926803, 1, 0
12.926985, 1, 1
12.927011, 1, 0
12.927063, 1, 1
12.927089, 1, 0
12.927115, 1, 1
12.927141, 1, 0
12.927245, 1, 1
12.927271, 1, 0
12.927427, 1, 1
12.927453, 1, 0
12.927505, 1, 1
12.927531, 1, 0
12.927765, 1, 1
12.927791, 1, 0
12.927817, 1, 1
12.927843, 1, 0
12.927869, 1, 1
12.927895, 1, 0
12.927921, 1, 1
12.927947, 1, 0
12.928025, 1, 1
12.928051, 1, 0
12.928129, 1, 1
12.928181, 1, 0
12.928285, 1, 1
12.928311, 1, 0
12.928389, 1, 1
12.928415, 1, 0
12.928545, 1, 1
12.928571, 1, 0
12.928597, 1, 1
12.928623, 1, 0
12.928649, 1, 1
12.928701, 1, 0
12.928727, 1, 1
12.928753, 1, 0
12.928805, 1, 1
12.928831, 1, 0
12.928857, 1, 1
12.928883, 1, 0
12.929065, 1, 1
12.929091, 1, 0
12.929325, 1, 1
12.929351, 1, 0
12.929377, 1, 1
12.929403, 1, 0
12.929429, 1, 1
12.929559, 1, 0
12.929585, 1, 1
13.434351, 1, 0
13.434377, 1, 1
13.434403, 1, 0
13.434585, 1, 1
13.434611, 1, 0
13.434663, 1, 1
13.434689, 1, 0
13.434715, 1, 1
13.434741, 1, 0
13.434845, 1, 1
13.434871, 1, 0
13.435027, 1, 1
13.435053, 1, 0
13.435105, 1, 1
13.435131, 1, 0
13.435365, 1, 1
13.435391, 1, 0
13.435417, 1, 1
13.435495, 1, 0
13.435521, 1, 1
13.435547, 1, 0
13.435625, 1, 1
13.435651, 1, 0
13.435729, 1, 1
13.435781, 1, 0
13.435885, 1, 1
13.435911, 1, 0
13.435989, 1, 1
13.436015, 1, 0
13.436145, 1, 1
13.436171, 1, 0
13.436301, 1, 1
13.436353, 1, 0
13.436405, 1, 1
13.436431, 1, 0
13.436457, 1, 1
13.436483, 1, 0
13.436665, 1, 1
13.436691, 1, 0
13.436925, 1, 1
13.436951, 1, 0
13.437003, 1, 1
13.437029, 1, 0
13.437159, 1, 1
13.492733, 0, 0
13.492734, 1, 1
13.492953, 0, 1
13.492954, 1, 1
13.942523, 1, 0
13.942549, 1, 1
13.942575, 1, 0
13.942757, 1, 1
13.942783, 1, 0
13.942835, 1, 1
13.942861, 1, 0
13.942887, 1, 1
13.942913, 1, 0
13.943017, 1, 1
13.943043, 1, 0
13.943199, 1, 1
13.943225, 1, 0
13.943277, 1, 1
13.943303, 1, 0
13.943537, 1, 1
13.943563, 1, 0
13.943589, 1, 1
13.943667, 1, 0
13.943693, 1, 1
13.943719, 1, 0
13.943797, 1, 1
13.943823, 1, 0
13.943927, 1, 1
13.943953, 1, 0
13.944057, 1, 1
13.944083, 1, 0
13.944161, 1, 1
13.944187, 1, 0
13.944317, 1, 1
13.944343, 1, 0
13.944421, 1, 1
13.944473, 1, 0
13.944499, 1, 1
13.944525, 1, 0
13.944577, 1, 1
13.944603, 1, 0
13.944629, 1, 1
13.944655, 1, 0
13.944837, 1, 1
13.944863, 1, 0
13.945097, 1, 1
13.945123, 1, 0
13.945175, 1, 1
13.945201, 1, 0
13.945227, 1, 1
13.945331, 1, 0
13.945357, 1, 1
14.452203, 1, 0
14.452229, 1, 1
14.452255, 1, 0
14.452437, 1, 1
14.452463, 1, 0
14.452515, 1, 1
14.452541, 1, 0
14.452567, 1, 1
14.452593, 1, 0
14.452697, 1, 1
14.452723, 1, 0
14.452879, 1, 1
14.452905, 1, 0
14.452957, 1, 1
14.452983, 1, 0
14.453217, 1, 1
14.453243, 1, 0
14.453269, 1, 1
14.453347, 1, 0
14.453373, 1, 1
14.453399, 1, 0
14.453477, 1, 1
14.453503, 1, 0
14.453607, 1, 1
14.453633, 1, 0
14.453737, 1, 1
14.453763, 1, 0
14.453841, 1, 1
14.453867, 1, 0
14.453997, 1, 1
14.454023, 1, 0
14.454049, 1, 1
14.454179, 1, 0
14.454257, 1, 1
14.454283, 1, 0
14.454309, 1, 1
14.454335, 1, 0
14.454517, 1, 1
14.454543, 1, 0
14.454777, 1, 1
14.454803, 1, 0
14.454829, 1, 1
14.454855, 1, 0
14.454881, 1, 1
14.454933, 1, 0
14.454959, 1, 1
14.455011, 1, 0
14.455037, 1, 1
14.959595, 1, 0
14.959621, 1, 1
14.959647, 1, 0
14.959829, 1, 1
14.959855, 1, 0
14.959907, 1, 1
14.959933, 1, 0
14.959959, 1, 1
14.959985, 1, 0
14.960089, 1, 1
14.960115, 1, 0
14.960271, 1, 1
14.960297, 1, 0
14.960349, 1, 1
14.960375, 1, 0
14.960609, 1, 1
14.960635, 1, 0
14.960661, 1, 1
14.960739, 1, 0
14.960765, 1, 1
14.960791, 1, 0
14.960869, 1, 1
14.960895, 1, 0
14.960999, 1, 1
14.961025, 1, 0
14.961129, 1, 1
14.961155, 1, 0
14.961233, 1, 1
14.961259, 1, 0
14.961389, 1, 1
14.961415, 1, 0
14.961441, 1, 1
14.961467, 1, 0
14.961545, 1, 1
14.961571, 1, 0
14.961649, 1, 1
14.961675, 1, 0
14.961701, 1, 1
14.961727, 1, 0
14.961909, 1, 1
14.961935, 1, 0
14.962169, 1, 1
14.962195, 1, 0
14.962221, 1, 1
14.962351, 1, 0
14.962377, 1, 1
14.962403, 1, 0
14.962429, 1, 1
15.468703, 1, 0
15.468729, 1, 1
15.468755, 1, 0
15.468937, 1, 1
15.468963, 1, 0
15.469015, 1, 1
15.469041, 1, 0
15.469067, 1, 1
15.469093, 1, 0
15.469197, 1, 1
15.469223, 1, 0
15.469379, 1, 1
15.469405, 1, 0
15.469457, 1, 1
15.469483, 1, 0
15.469717, 1, 1
15.469743, 1, 0
15.469769, 1, 1
15.469847, 1, 0
15.469873, 1, 1
15.469899, 1, 0
15.469977, 1, 1
15.470003, 1, 0
15.470107, 1, 1
15.470133, 1, 0
15.470237, 1, 1
15.470263, 1, 0
15.470341, 1, 1
15.470367, 1, 0
15.470497, 1, 1
15.470523, 1, 0
15.470549, 1, 1
15.470575, 1, 0
15.470757, 1, 1
15.470783, 1, 0
15.470809, 1, 1
15.470835, 1, 0
15.471017, 1, 1
15.471043, 1, 0
15.471277, 1, 1
15.471303, 1, 0
15.471329, 1, 1
15.471433, 1, 0
15.471485, 1, 1
15.471511, 1, 0
15.471537, 1, 1
15.976771, 1, 0
15.976797, 1, 1
15.976823, 1, 0
15.977005, 1, 1
15.977031, 1, 0
15.977083, 1, 1
15.977109, 1, 0
15.977135, 1, 1
15.977161, 1, 0
15.977265, 1, 1
15.977291, 1, 0
15.977447, 1, 1
15.977473, 1, 0
15.977525, 1, 1
15.977551, 1, 0
15.977785, 1, 1
15.977811, 1, 0
15.977837, 1, 1
15.977915, 1, 0
15.977941, 1, 1
15.977967, 1, 0
15.978045, 1, 1
15.978071, 1, 0
15.978175, 1, 1
15.978201, 1, 0
15.978305, 1, 1
15.978331, 1, 0
15.978409, 1, 1
15.978435, 1, 0
15.978565, 1, 1
15.978591, 1, 0
15.978643, 1, 1
15.978669, 1, 0
15.978721, 1, 1
15.978851, 1, 0
15.979085, 1, 1
15.979111, 1, 0
15.979345, 1, 1
15.979371, 1, 0
15.979397, 1, 1
15.979553, 1, 0
15.979605, 1, 1
16.081153, 0, 1
16.081179, 1, 1
16.081205, 0, 1
16.081388, 1, 1
16.081414, 0, 1
16.081440, 1, 1
16.081466, 0, 1
16.081492, 1, 1
16.081518, 0, 1
16.081648, 1, 1
16.081674, 0, 1
16.081700, 1, 1
16.081726, 0, 1
16.081831, 1, 1
16.081857, 0, 1
16.081909, 1, 1
16.081935, 0, 1
16.082169, 1, 1
16.082195, 0, 1
16.082248, 1, 1
16.082274, 0, 1
16.082352, 1, 1
16.082378, 0, 1
16.082430, 1, 1
16.082456, 0, 1
16.082560, 1, 1
16.082586, 0, 1
16.082638, 1, 1
16.082664, 0, 1
16.082690, 1, 1
16.129677, 1, 0
16.129703, 1, 1
16.129729, 1, 0
16.129911, 1, 1
16.129937, 1, 0
16.130015, 1, 1
16.130041, 1, 0
16.130171, 1, 1
16.130197, 1, 0
16.130223, 1, 1
16.130249, 1, 0
16.130353, 1, 1
16.130379, 1, 0
16.130405, 1, 1
16.130457, 1, 0
16.130691, 1, 1
16.130717, 1, 0
16.130743, 1, 1
16.130769, 1, 0
16.130795, 1, 1
16.130821, 1, 0
16.130873, 1, 1
16.130899, 1, 0
16.130925, 1, 1
16.180481, 1, 0
16.180507, 1, 1
16.180533, 1, 0
16.180715, 1, 1
16.180741, 1, 0
16.180793, 1, 1
16.180819, 1, 0
16.180845, 1, 1
16.180871, 1, 0
16.180975, 1, 1
16.181001, 1, 0
16.181157, 1, 1
16.181183, 1, 0
16.181235, 1, 1
16.183211, 1, 0
16.183445, 1, 1
16.183471, 1, 0
16.183497, 1, 1
16.183575, 1, 0
16.183601, 1, 1
16.183627, 1, 0
16.183705, 1, 1
16.183731, 1, 0
16.183835, 1, 1
16.183861, 1, 0
16.183965, 1, 1
16.183991, 1, 0
16.184069, 1, 1
16.184095, 1, 0
16.184225, 1, 1
16.184251, 1, 0
16.184277, 1, 1
16.184303, 1, 0
16.184329, 1, 1
16.184381, 1, 0
16.184407, 1, 1
16.184511, 1, 0
16.184745, 1, 1
16.184771, 1, 0
16.185005, 1, 1
16.185031, 1, 0
16.185083, 1, 1
16.185109, 1, 0
16.185135, 1, 1
16.185213, 1, 0
16.185265, 1, 1
16.232170, 1, 0
16.232196, 1, 1
16.232222, 1, 0
16.232404, 1, 1
16.232430, 1, 0
16.232508, 1, 1
16.232534, 1, 0
16.232560, 1, 1
16.232586, 1, 0
16.232664, 1, 1
16.232690, 1, 0
16.232742, 1, 1
16.232768, 1, 0
16.232846, 1, 1
16.232872, 1, 0
16.232924, 1, 1
16.232950, 1, 0
16.233184, 1, 1
16.233210, 1, 0
16.233236, 1, 1
16.233262, 1, 0
16.233288, 1, 1
16.233314, 1, 0
16.233392, 1, 1
16.233418, 1, 0
16.233444, 1, 1
16.233470, 1, 0
16.233522, 1, 1
16.233548, 1, 0
16.233600, 1, 1
16.233626, 1, 0
16.233704, 1, 1
16.233730, 1, 0
16.233808, 1, 1
16.233834, 1, 0
16.233912, 1, 1
16.233938, 1, 0
16.233964, 1, 1
16.233990, 1, 0
16.234016, 1, 1
16.234042, 1, 0
16.234094, 1, 1
16.234146, 1, 0
16.234224, 1, 1
16.234250, 1, 0
16.234484, 1, 1
16.234510, 1, 0
16.234536, 1, 1
16.234588, 1, 0
16.234614, 1, 1
16.234640, 1, 0
16.234666, 1, 1
16.234770, 1, 0
16.235004, 1, 1
16.235030, 1, 0
16.235264, 1, 1
16.235290, 1, 0
16.235524, 1, 1
16.235550, 1, 0
16.235628, 1, 1
16.235654, 1, 0
16.235784, 1, 1
16.235810, 1, 0
16.235862, 1, 1
16.235888, 1, 0
16.235914, 1, 1
16.236070, 1, 0
16.236096, 1, 1
16.236122, 1, 0
16.236148, 1, 1
16.236200, 1, 0
16.236226, 1, 1
16.236330, 1, 0
16.236564, 1, 1
16.236590, 1, 0
16.236720, 1, 1
16.236746, 1, 0
16.236798, 1, 1
16.236850, 1, 0
16.236876, 1, 1
16.236902, 1, 0
16.237084, 1, 1
16.237110, 1, 0
16.237344, 1, 1
16.237370, 1, 0
16.237396, 1, 1
16.237422, 1, 0
16.237500, 1, 1
16.237526, 1, 0
16.237552, 1, 1
16.237578, 1, 0
16.237604, 1, 1
16.485151, 1, 0
16.485177, 1, 1
16.485203, 1, 0
16.485385, 1, 1
16.485411, 1, 0
16.485463, 1, 1
16.485489, 1, 0
16.485515, 1, 1
16.485541, 1, 0
16.485645, 1, 1
16.485671, 1, 0
16.485827, 1, 1
16.485853, 1, 0
16.485905, 1, 1
16.485931, 1, 0
16.486165, 1, 1
16.486191, 1, 0
16.486217, 1, 1
16.486295, 1, 0
16.486321, 1, 1
16.486347, 1, 0
16.486425, 1, 1
16.486451, 1, 0
16.486555, 1, 1
16.486581, 1, 0
16.486685, 1, 1
16.486711, 1, 0
16.486789, 1, 1
16.486815, 1, 0
16.486945, 1, 1
16.486971, 1, 0
16.486997, 1, 1
16.487049, 1, 0
16.487127, 1, 1
16.487231, 1, 0
16.487465, 1, 1
16.487491, 1, 0
16.487725, 1, 1
16.487751, 1, 0
16.487881, 1, 1
16.487933, 1, 0
16.487985, 1, 1
16.996702, 1, 0
16.996728, 1, 1
16.996754, 1, 0
16.996936, 1, 1
16.996962, 1, 0
16.997014, 1, 1
16.997040, 1, 0
16.997066, 1, 1
16.997092, 1, 0
16.997196, 1, 1
16.997222, 1, 0
16.997378, 1, 1
16.997404, 1, 0
16.997456, 1, 1
16.997482, 1, 0
16.997716, 1, 1
16.997742, 1, 0
16.997768, 1, 1
16.997846, 1, 0
16.997872, 1, 1
16.997898, 1, 0
16.997976, 1, 1
16.998002, 1, 0
16.998106, 1, 1
16.998132, 1, 0
16.998236, 1, 1
16.998262, 1, 0
16.998340, 1, 1
16.998366, 1, 0
16.998496, 1, 1
16.998522, 1, 0
16.998600, 1, 1
16.998626, 1, 0
16.998652, 1, 1
16.998678, 1, 0
16.998704, 1, 1
16.998782, 1, 0
16.999016, 1, 1
16.999042, 1, 0
16.999276, 1, 1
16.999302, 1, 0
16.999328, 1, 1
16.999354, 1, 0
16.999458, 1, 1
16.999484, 1, 0
16.999536, 1, 1
17.506616, 1, 0
17.506642, 1, 1
17.506668, 1, 0
17.506850, 1, 1
17.506876, 1, 0
17.506928, 1, 1
17.506954, 1, 0
17.506980, 1, 1
17.507006, 1, 0
17.507110, 1, 1
17.507136, 1, 0
17.507292, 1, 1
17.507318, 1, 0
17.507370, 1, 1
17.507396, 1, 0
17.507630, 1, 1
17.507656, 1, 0
17.507682, 1, 1
17.507760, 1, 0
17.507786, 1, 1
17.507812, 1, 0
17.507890, 1, 1
17.507916, 1, 0
17.508020, 1, 1
17.508046, 1, 0
17.508150, 1, 1
17.509190, 1, 0
17.509268, 1, 1
17.509294, 1, 0
17.509424, 1, 1
17.509450, 1, 0
17.509528, 1, 1
17.509554, 1, 0
17.509632, 1, 1
17.509710, 1, 0
17.509944, 1, 1
17.509970, 1, 0
17.510204, 1, 1
17.510230, 1, 0
17.510256, 1, 1
17.510282, 1, 0
17.510360, 1, 1
17.510386, 1, 0
17.510464, 1, 1
18.014528, 1, 0
18.014554, 1, 1
18.014580, 1, 0
18.014762, 1, 1
18.014788, 1, 0
18.014840, 1, 1
18.014866, 1, 0
18.014892, 1, 1
18.014918, 1, 0
18.015022, 1, 1
18.015048, 1, 0
18.015204, 1, 1
18.015230, 1, 0
18.015282, 1, 1
18.015308, 1, 0
18.015542, 1, 1
18.015568, 1, 0
18.015594, 1, 1
18.015672, 1, 0
18.015698, 1, 1
18.015724, 1, 0
18.015802, 1, 1
18.015828, 1, 0
18.015932, 1, 1
18.015958, 1, 0
18.016062, 1, 1
18.017076, 1, 0
18.017154, 1, 1
18.017180, 1, 0
18.017310, 1, 1
18.017336, 1, 0
18.017362, 1, 1
18.017388, 1, 0
18.017414, 1, 1
18.017440, 1, 0
18.017466, 1, 1
18.017518, 1, 0
18.017544, 1, 1
18.017596, 1, 0
18.017830, 1, 1
18.017856, 1, 0
18.018090, 1, 1
18.018116, 1, 0
18.018168, 1, 1
18.018194, 1, 0
18.018350, 1, 1
18.523064, 1, 0
18.523090, 1, 1
18.523116, 1, 0
18.523298, 1, 1
18.523324, 1, 0
18.523376, 1, 1
18.523402, 1, 0
18.523428, 1, 1
18.523454, 1, 0
18.523558, 1, 1
18.523584, 1, 0
18.523740, 1, 1
18.523766, 1, 0
18.523818, 1, 1
18.523844, 1, 0
18.524078, 1, 1
18.525040, 1, 0
18.525066, 1, 1
18.525144, 1, 0
18.525170, 1, 1
18.525196, 1, 0
18.525274, 1, 1
18.525300, 1, 0
18.525404, 1, 1
18.525430, 1, 0
18.525534, 1, 1
18.525560, 1, 0
18.525638, 1, 1
18.525664, 1, 0
18.525794, 1, 1
18.525820, 1, 0
18.525846, 1, 1
18.525872, 1, 0
18.525898, 1, 1
18.525924, 1, 0
18.525976, 1, 1
18.526002, 1, 0
18.526028, 1, 1
18.526080, 1, 0
18.526314, 1, 1
18.526340, 1, 0
18.526574, 1, 1
18.526600, 1, 0
18.526652, 1, 1
18.526678, 1, 0
18.526730, 1, 1
19.031392, 1, 0
19.031418, 1, 1
19.031444, 1, 0
19.031626, 1, 1
19.031652, 1, 0
19.031704, 1, 1
19.031730, 1, 0
19.031756, 1, 1
19.031782, 1, 0
19.031886, 1, 1
19.032900, 1, 0
19.033056, 1, 1
19.033082, 1, 0
19.033134, 1, 1
19.033160, 1, 0
19.033394, 1, 1
19.033420, 1, 0
19.033446, 1, 1
19.033524, 1, 0
19.033550, 1, 1
19.033576, 1, 0
19.033654, 1, 1
19.033680, 1, 0
19.033784, 1, 1
19.033810, 1, 0
19.033914, 1, 1
19.033940, 1, 0
19.034018, 1, 1
19.034044, 1, 0
19.034174, 1, 1
19.034200, 1, 0
19.034252, 1, 1
19.034304, 1, 0
19.034330, 1, 1
19.034356, 1, 0
19.034408, 1, 1
19.034460, 1, 0
19.034694, 1, 1
19.034720, 1, 0
19.034954, 1, 1
19.034980, 1, 0
19.035006, 1, 1
19.035058, 1, 0
19.035136, 1, 1
19.538290, 1, 0
19.538316, 1, 1
19.538342, 1, 0
19.538524, 1, 1
19.538550, 1, 0
19.538602, 1, 1
19.538628, 1, 0
19.538654, 1, 1
19.538680, 1, 0
19.538784, 1, 1
19.538810, 1, 0
19.538966, 1, 1
19.538992, 1, 0
19.539044, 1, 1
19.539070, 1, 0
19.539304, 1, 1
19.539330, 1, 0
19.539356, 1, 1
19.539434, 1, 0
19.539460, 1, 1
19.539486, 1, 0
19.539564, 1, 1
19.539590, 1, 0
19.539694, 1, 1
19.539720, 1, 0
19.539824, 1, 1
19.540786, 1, 0
19.540864, 1, 1
19.540890, 1, 0
19.541020, 1, 1
19.541046, 1, 0
19.541072, 1, 1
19.541150, 1, 0
19.541254, 1, 1
19.541306, 1, 0
19.541540, 1, 1
19.541566, 1, 0
19.541800, 1, 1
19.541826, 1, 0
19.541904, 1, 1
19.541930, 1, 0
19.541956, 1, 1
19.541982, 1, 0
19.542008, 1, 1
20.050050, 1, 0
20.050076, 1, 1
20.050102, 1, 0
20.050284, 1, 1
20.050310, 1, 0
20.050362, 1, 1
20.050388, 1, 0
20.050414, 1, 1
20.050440, 1, 0
20.050544, 1, 1
20.050570, 1, 0
20.050726, 1, 1
20.050752, 1, 0
20.050804, 1, 1
20.050830, 1, 0
20.051064, 1, 1
20.051090, 1, 0
20.051116, 1, 1
20.051194, 1, 0
20.051220, 1, 1
20.051246, 1, 0
20.051324, 1, 1
20.051350, 1, 0
20.051454, 1, 1
20.051480, 1, 0
20.051584, 1, 1
20.051610, 1, 0
20.051688, 1, 1
20.051714, 1, 0
20.051844, 1, 1
20.051870, 1, 0
20.051974, 1, 1
20.052078, 1, 0
20.052104, 1, 1
20.052130, 1, 0
20.052364, 1, 1
20.052390, 1, 0
20.052624, 1, 1
20.052650, 1, 0
20.052676, 1, 1
20.052702, 1, 0
20.052728, 1, 1
20.052754, 1, 0
20.052832, 1, 1
20.554894, 1, 0
20.554920, 1, 1
20.554946, 1, 0
20.555128, 1, 1
20.555154, 1, 0
20.555206, 1, 1
20.555232, 1, 0
20.555258, 1, 1
20.555284, 1, 0
20.555388, 1, 1
20.555414, 1, 0
20.555570, 1, 1
20.555596, 1, 0
20.555648, 1, 1
20.556662, 1, 0
20.556896, 1, 1
20.556922, 1, 0
20.556948, 1, 1
20.557026, 1, 0
20.557052, 1, 1
20.557078, 1, 0
20.557156, 1, 1
20.557182, 1, 0
20.557286, 1, 1
20.557312, 1, 0
20.557416, 1, 1
20.557442, 1, 0
20.557520, 1, 1
20.557546, 1, 0
20.557676, 1, 1
20.557702, 1, 0
20.557728, 1, 1
20.557754, 1, 0
20.557806, 1, 1
20.557832, 1, 0
20.557858, 1, 1
20.557910, 1, 0
20.557936, 1, 1
20.557962, 1, 0
20.558196, 1, 1
20.558222, 1, 0
20.558456, 1, 1
20.558482, 1, 0
20.558534, 1, 1
20.558586, 1, 0
20.558612, 1, 1
20.558664, 1, 0
20.558690, 1, 1
21.062857, 1, 0
21.062883, 1, 1
21.062909, 1, 0
21.063091, 1, 1
21.063117, 1, 0
21.063169, 1, 1
21.063195, 1, 0
21.063221, 1, 1
21.063247, 1, 0
21.063351, 1, 1
21.063377, 1, 0
21.063533, 1, 1
21.063559, 1, 0
21.063611, 1, 1
21.064495, 1, 0
21.064729, 1, 1
21.064755, 1, 0
21.064781, 1, 1
21.064859, 1, 0
21.064885, 1, 1
21.064911, 1, 0
21.064989, 1, 1
21.065015, 1, 0
21.065119, 1, 1
21.065145, 1, 0
21.065249, 1, 1
21.065275, 1, 0
21.065353, 1, 1
21.065379, 1, 0
21.065509, 1, 1
21.065535, 1, 0
21.065561, 1, 1
21.065587, 1, 0
21.065639, 1, 1
21.065691, 1, 0
21.065717, 1, 1
21.065743, 1, 0
21.065769, 1, 1
21.065795, 1, 0
21.066029, 1, 1
21.066055, 1, 0
21.066289, 1, 1
21.066315, 1, 0
21.066367, 1, 1
21.066419, 1, 0
21.066471, 1, 1
21.066497, 1, 0
21.066523, 1, 1
21.108381, 0, 1
21.108407, 1, 1
21.108433, 0, 1
21.108615, 1, 1
21.108641, 0, 1
21.108667, 1, 1
21.108693, 0, 1
21.108720, 1, 1
21.108746, 0, 1
21.108876, 1, 1
21.108902, 0, 1
21.108928, 1, 1
21.108954, 0, 1
21.109058, 1, 1
21.109084, 0, 1
21.109136, 1, 1
21.109162, 0, 1
21.109397, 1, 1
21.109423, 0, 1
21.109475, 1, 1
21.109501, 0, 1
21.109579, 1, 1
21.109605, 0, 1
21.109657, 1, 1
21.109684, 0, 1
21.109788, 1, 1
21.109814, 0, 1
21.109866, 1, 1
21.109892, 0, 1
21.109918, 1, 1
21.115820, 1, 0
21.115846, 1, 1
21.115872, 1, 0
21.116054, 1, 1
21.116080, 1, 0
21.116158, 1, 1
21.116184, 1, 0
21.116314, 1, 1
21.116340, 1, 0
21.116366, 1, 1
21.116392, 1, 0
21.116496, 1, 1
21.116522, 1, 0
21.116548, 1, 1
21.116600, 1, 0
21.116834, 1, 1
21.116860, 1, 0
21.116886, 1, 1
21.116912, 1, 0
21.116938, 1, 1
21.116964, 1, 0
21.117016, 1, 1
21.117042, 1, 0
21.117068, 1, 1
21.164492, 1, 0
21.164518, 1, 1
21.164544, 1, 0
21.164726, 1, 1
21.164752, 1, 0
21.164804, 1, 1
21.164830, 1, 0
21.164856, 1, 1
21.164882, 1, 0
21.164986, 1, 1
21.165012, 1, 0
21.165168, 1, 1
21.165194, 1, 0
21.165246, 1, 1
21.165272, 1, 0
21.165506, 1, 1
21.165532, 1, 0
21.165558, 1, 1
21.165636, 1, 0
21.165662, 1, 1
21.165688, 1, 0
21.165766, 1, 1
21.165792, 1, 0
21.165896, 1, 1
21.165922, 1, 0
21.166026, 1, 1
21.166052, 1, 0
21.166130, 1, 1
21.166156, 1, 0
21.166286, 1, 1
21.166312, 1, 0
21.166338, 1, 1
21.166416, 1, 0
21.166442, 1, 1
21.166468, 1, 0
21.166494, 1, 1
21.166520, 1, 0
21.166546, 1, 1
21.166572, 1, 0
21.166806, 1, 1
21.166832, 1, 0
21.167066, 1, 1
21.167092, 1, 0
21.167170, 1, 1
21.167196, 1, 0
21.167248, 1, 1
21.167274, 1, 0
21.167300, 1, 1
21.216232, 1, 0
21.216258, 1, 1
21.216284, 1, 0
21.216466, 1, 1
21.216492, 1, 0
21.216570, 1, 1
21.216596, 1, 0
21.216622, 1, 1
21.216648, 1, 0
21.216726, 1, 1
21.216752, 1, 0
21.216804, 1, 1
21.216830, 1, 0
21.216908, 1, 1
21.216934, 1, 0
21.216986, 1, 1
21.217012, 1, 0
21.217246, 1, 1
21.217272, 1, 0
21.217298, 1, 1
21.217324, 1, 0
21.217350, 1, 1
21.217376, 1, 0
21.217454, 1, 1
21.217480, 1, 0
21.217506, 1, 1
21.217532, 1, 0
21.217584, 1, 1
21.217610, 1, 0
21.217662, 1, 1
21.217688, 1, 0
21.217766, 1, 1
21.217792, 1, 0
21.217870, 1, 1
21.217896, 1, 0
21.217974, 1, 1
21.218000, 1, 0
21.218026, 1, 1
21.218052, 1, 0
21.218078, 1, 1
21.218104, 1, 0
21.218156, 1, 1
21.218208, 1, 0
21.218286, 1, 1
21.218312, 1, 0
21.218546, 1, 1
21.218572, 1, 0
21.218598, 1, 1
21.218650, 1, 0
21.218676, 1, 1
21.218702, 1, 0
21.218728, 1, 1
21.218832, 1, 0
21.219066, 1, 1
21.219092, 1, 0
21.219326, 1, 1
21.219352, 1, 0
21.219586, 1, 1
21.219612, 1, 0
21.219690, 1, 1
21.219716, 1, 0
21.219846, 1, 1
21.219872, 1, 0
21.219924, 1, 1
21.219950, 1, 0
21.219976, 1, 1
21.220132, 1, 0
21.220158, 1, 1
21.220236, 1, 0
21.220262, 1, 1
21.220288, 1, 0
21.220314, 1, 1
21.220340, 1, 0
21.220366, 1, 1
21.220392, 1, 0
21.220626, 1, 1
21.220652, 1, 0
21.220782, 1, 1
21.220808, 1, 0
21.220860, 1, 1
21.220912, 1, 0
21.220938, 1, 1
21.220964, 1, 0
21.221146, 1, 1
21.221172, 1, 0
21.221406, 1, 1
21.221432, 1, 0
21.221458, 1, 1
21.221510, 1, 0
21.221536, 1, 1
21.221614, 1, 0
21.221640, 1, 1
21.569469, 1, 0
21.569495, 1, 1
21.569521, 1, 0
21.569703, 1, 1
21.569729, 1, 0
21.569781, 1, 1
21.569807, 1, 0
21.569833, 1, 1
21.569859, 1, 0
21.569963, 1, 1
21.569989, 1, 0
21.570145, 1, 1
21.570171, 1, 0
21.570223, 1, 1
21.570249, 1, 0
21.570483, 1, 1
21.570509, 1, 0
21.570535, 1, 1
21.570613, 1, 0
21.570639, 1, 1
21.570665, 1, 0
21.570743, 1, 1
21.570769, 1, 0
21.570873, 1, 1
21.570899, 1, 0
21.571003, 1, 1
21.571029, 1, 0
21.571107, 1, 1
21.571133, 1, 0
21.571263, 1, 1
21.571289, 1, 0
21.571341, 1, 1
21.571367, 1, 0
21.571393, 1, 1
21.571419, 1, 0
21.571471, 1, 1
21.571497, 1, 0
21.571523, 1, 1
21.572511, 1, 0
21.572745, 1, 1
21.572771, 1, 0
21.573005, 1, 1
21.573031, 1, 0
21.573057, 1, 1
21.573135, 1, 0
21.573161, 1, 1
21.573187, 1, 0
21.573239, 1, 1
22.076601, 1, 0
22.076627, 1, 1
22.076653, 1, 0
22.076835, 1, 1
22.076861, 1, 0
22.076913, 1, 1
22.076939, 1, 0
22.076965, 1, 1
22.076991, 1, 0
22.077095, 1, 1
22.077121, 1, 0
22.077277, 1, 1
22.077303, 1, 0
22.077355, 1, 1
22.077381, 1, 0
22.077615, 1, 1
22.077641, 1, 0
22.077667, 1, 1
22.077745, 1, 0
22.077771, 1, 1
22.077797, 1, 0
22.077875, 1, 1
22.077901, 1, 0
22.078005, 1, 1
22.078031, 1, 0
22.078135, 1, 1
22.078161, 1, 0
22.078239, 1, 1
22.078265, 1, 0
22.078395, 1, 1
22.078421, 1, 0
22.078447, 1, 1
22.078499, 1, 0
22.078525, 1, 1
22.078603, 1, 0
22.078655, 1, 1
22.078681, 1, 0
22.078915, 1, 1
22.078941, 1, 0
22.079175, 1, 1
22.079201, 1, 0
22.079305, 1, 1
22.079331, 1, 0
22.079409, 1, 1
22.583031, 1, 0
22.583057, 1, 1
22.583083, 1, 0
22.583265, 1, 1
22.583291, 1, 0
22.583343, 1, 1
22.583369, 1, 0
22.583395, 1, 1
22.583421, 1, 0
22.583525, 1, 1
22.583551, 1, 0
22.583707, 1, 1
22.583733, 1, 0
22.583785, 1, 1
22.583811, 1, 0
22.584045, 1, 1
22.584071, 1, 0
22.584097, 1, 1
22.584175, 1, 0
22.584201, 1, 1
22.584227, 1, 0
22.584305, 1, 1
22.584331, 1, 0
22.584435, 1, 1
22.584461, 1, 0
22.584565, 1, 1
22.584591, 1, 0
22.584669, 1, 1
22.584695, 1, 0
22.584825, 1, 1
22.584851, 1, 0
22.584929, 1, 1
22.584981, 1, 0
22.585007, 1, 1
22.585033, 1, 0
22.585085, 1, 1
22.585111, 1, 0
22.585345, 1, 1
22.585371, 1, 0
22.585605, 1, 1
22.585631, 1, 0
22.585657, 1, 1
22.585683, 1, 0
22.585735, 1, 1
22.585839, 1, 0
22.585865, 1, 1
23.091567, 1, 0
23.091593, 1, 1
23.091619, 1, 0
23.091801, 1, 1
23.091827, 1, 0
23.091879, 1, 1
23.091905, 1, 0
23.091931, 1, 1
23.091957, 1, 0
23.092061, 1, 1
23.092087, 1, 0
23.092243, 1, 1
23.092269, 1, 0
23.092321, 1, 1
23.092347, 1, 0
23.092581, 1, 1
23.092607, 1, 0
23.092633, 1, 1
23.092711, 1, 0
23.092737, 1, 1
23.092763, 1, 0
23.092841, 1, 1
23.092867, 1, 0
23.092971, 1, 1
23.092997, 1, 0
23.093101, 1, 1
23.093127, 1, 0
23.093205, 1, 1
23.093231, 1, 0
23.093361, 1, 1
23.093387, 1, 0
23.093413, 1, 1
23.093439, 1, 0
23.093465, 1, 1
23.093543, 1, 0
23.093621, 1, 1
23.093647, 1, 0
23.093881, 1, 1
23.093907, 1, 0
23.094141, 1, 1
23.094167, 1, 0
23.094219, 1, 1
23.094245, 1, 0
23.094271, 1, 1
23.094297, 1, 0
23.094323, 1, 1
23.094375, 1, 0
23.094401, 1, 1
23.598647, 1, 0
23.598673, 1, 1
23.598699, 1, 0
23.598881, 1, 1
23.598907, 1, 0
23.598959, 1, 1
23.598985, 1, 0
23.599011, 1, 1
23.599037, 1, 0
23.599141, 1, 1
23.599167, 1, 0
23.599323, 1, 1
23.599349, 1, 0
23.599401, 1, 1
23.599427, 1, 0
23.599661, 1, 1
23.599687, 1, 0
23.599713, 1, 1
23.599791, 1, 0
23.599817, 1, 1
23.599843, 1, 0
23.599921, 1, 1
23.599947, 1, 0
23.600051, 1, 1
23.600077, 1, 0
23.600181, 1, 1
23.600207, 1, 0
23.600285, 1, 1
23.600311, 1, 0
23.600441, 1, 1
23.600467, 1, 0
23.600519, 1, 1
23.600597, 1, 0
23.600701, 1, 1
23.600727, 1, 0
23.600961, 1, 1
23.600987, 1, 0
23.601221, 1, 1
23.601247, 1, 0
23.601273, 1, 1
23.601325, 1, 0
23.601351, 1, 1
23.601403, 1, 0
23.601429, 1, 1
23.601455, 1, 0
23.601481, 1, 1
24.106039, 1, 0
24.106065, 1, 1
24.106091, 1, 0
24.106273, 1, 1
24.106299, 1, 0
24.106351, 1, 1
24.106377, 1, 0
24.106403, 1, 1
24.106429, 1, 0
24.106533, 1, 1
24.106559, 1, 0
24.106715, 1, 1
24.106741, 1, 0
24.106793, 1, 1
24.106819, 1, 0
24.107053, 1, 1
24.107079, 1, 0
24.107105, 1, 1
24.107183, 1, 0
24.107209, 1, 1
24.107235, 1, 0
24.107313, 1, 1
24.107339, 1, 0
24.107443, 1, 1
24.107469, 1, 0
24.107573, 1, 1
24.107599, 1, 0
24.107677, 1, 1
24.107703, 1, 0
24.107833, 1, 1
24.107859, 1, 0
24.107885, 1, 1
24.107937, 1, 0
24.108093, 1, 1
24.108119, 1, 0
24.108353, 1, 1
24.108379, 1, 0
24.108613, 1, 1
24.108639, 1, 0
24.108769, 1, 1
24.108795, 1, 0
24.108821, 1, 1
24.108847, 1, 0
24.108873, 1, 1
24.612000, 1, 0
24.612026, 1, 1
24.612052, 1, 0
24.612234, 1, 1
24.612260, 1, 0
24.612312, 1, 1
24.612338, 1, 0
24.612364, 1, 1
24.612390, 1, 0
24.612494, 1, 1
24.612520, 1, 0
24.612676, 1, 1
24.612702, 1, 0
24.612754, 1, 1
24.612780, 1, 0
24.613014, 1, 1
24.613040, 1, 0
24.613118, 1, 1
24.613144, 1, 0
24.613170, 1, 1
24.613196, 1, 0
24.613274, 1, 1
24.613300, 1, 0
24.613404, 1, 1
24.613430, 1, 0
24.613508, 1, 1
24.613560, 1, 0
24.613638, 1, 1
24.613664, 1, 0
24.613794, 1, 1
24.613820, 1, 0
24.613846, 1, 1
24.614080, 1, 0
24.614106, 1, 1
24.614340, 1, 0
24.614574, 1, 1
24.614600, 1, 0
24.614704, 1, 1
24.614730, 1, 0
24.614782, 1, 1
26.129819, 0, 1
26.129845, 1, 1
26.129871, 0, 1
26.130053, 1, 1
26.130079, 0, 1
26.130105, 1, 1
26.130131, 0, 1
26.130157, 1, 1
26.130183, 0, 1
26.130314, 1, 1
26.130340, 0, 1
26.130366, 1, 1
26.130392, 0, 1
26.130496, 1, 1
26.130522, 0, 1
26.130574, 1, 1
26.130600, 0, 1
26.130835, 1, 1
26.130861, 0, 1
26.130913, 1, 1
26.130939, 0, 1
26.131017, 1, 1
26.131043, 0, 1
26.131095, 1, 1
26.131121, 0, 1
26.131226, 1, 1
26.131252, 0, 1
26.131304, 1, 1
26.131330, 0, 1
26.131356, 1, 1
26.178792, 1, 0
26.178818, 1, 1
26.178844, 1, 0
26.179026, 1, 1
26.179052, 1, 0
26.179130, 1, 1
26.179156, 1, 0
26.179286, 1, 1
26.179312, 1, 0
26.179338, 1, 1
26.179364, 1, 0
26.179468, 1, 1
26.179494, 1, 0
26.179520, 1, 1
26.179572, 1, 0
26.179806, 1, 1
26.179832, 1, 0
26.179858, 1, 1
26.179884, 1, 0
26.179910, 1, 1
26.179936, 1, 0
26.179988, 1, 1
26.180014, 1, 0
26.180040, 1, 1
26.229024, 1, 0
26.229050, 1, 1
26.229076, 1, 0
26.229258, 1, 1
26.229284, 1, 0
26.229336, 1, 1
26.229362, 1, 0
26.229388, 1, 1
26.229414, 1, 0
26.229518, 1, 1
26.229544, 1, 0
26.229700, 1, 1
26.229726, 1, 0
26.229778, 1, 1
26.229804, 1, 0
26.230038, 1, 1
26.230064, 1, 0
26.230142, 1, 1
26.230168, 1, 0
26.230194, 1, 1
26.230220, 1, 0
26.230298, 1, 1
26.230324, 1, 0
26.230428, 1, 1
26.230454, 1, 0
26.230532, 1, 1
26.230584, 1, 0
26.230662, 1, 1
26.230688, 1, 0
26.230818, 1, 1
26.230844, 1, 0
26.230870, 1, 1
26.231104, 1, 0
26.231130, 1, 1
26.231364, 1, 0
26.231598, 1, 1
26.231624, 1, 0
26.231728, 1, 1
26.231754, 1, 0
26.231806, 1, 1
26.280219, 1, 0
26.280245, 1, 1
26.280271, 1, 0
26.280453, 1, 1
26.280479, 1, 0
26.280557, 1, 1
26.280583, 1, 0
26.280609, 1, 1
26.280635, 1, 0
26.280713, 1, 1
26.280739, 1, 0
26.280791, 1, 1
26.280817, 1, 0
26.280895, 1, 1
26.280921, 1, 0
26.280973, 1, 1
26.280999, 1, 0
26.281233, 1, 1
26.281259, 1, 0
26.281285, 1, 1
26.281311, 1, 0
26.281337, 1, 1
26.281363, 1, 0
26.281441, 1, 1
26.281467, 1, 0
26.281493, 1, 1
26.281519, 1, 0
26.281571, 1, 1
26.281597, 1, 0
26.281649, 1, 1
26.281675, 1, 0
26.281753, 1, 1
26.281779, 1, 0
26.281857, 1, 1
26.281883, 1, 0
26.281961, 1, 1
26.281987, 1, 0
26.282013, 1, 1
26.282039, 1, 0
26.282065, 1, 1
26.282091, 1, 0
26.282143, 1, 1
26.282195, 1, 0
26.282273, 1, 1
26.282299, 1, 0
26.282533, 1, 1
26.282559, 1, 0
26.282637, 1, 1
26.282689, 1, 0
26.282715, 1, 1
26.282819, 1, 0
26.283053, 1, 1
26.283079, 1, 0
26.283313, 1, 1
26.283339, 1, 0
26.283573, 1, 1
26.283599, 1, 0
26.283677, 1, 1
26.283703, 1, 0
26.283833, 1, 1
26.283859, 1, 0
26.283911, 1, 1
26.283937, 1, 0
26.283963, 1, 1
26.284119, 1, 0
26.284145, 1, 1
26.284379, 1, 0
26.284405, 1, 1
26.284639, 1, 0
26.284769, 1, 1
26.284795, 1, 0
26.284847, 1, 1
26.284899, 1, 0
26.284925, 1, 1
26.284951, 1, 0
26.285133, 1, 1
26.285159, 1, 0
26.285393, 1, 1
26.285419, 1, 0
26.285445, 1, 1
26.285497, 1, 0
26.285575, 1, 1
26.285627, 1, 0
26.285653, 1, 1
